9223 11
107090 7
42920 1
106485 12
142201 10
94928 2
117498 1
33245 8
55754 17
123292 11
59238 8
67647 5
44353 17
140878 11
53258 6
46546 15
58637 17
77181 13
52721 2
51778 6
52754 8
59900 11
99317 4
2600 17
30529 12
58028 10
54598 3
57864 5
68879 2
145322 5
30228 16
63575 17
7565 16
131584 17
37527 3
84457 2
124915 16
17330 1
79085 11
130797 12
125044 1
17782 17
72284 16
59741 15
133518 8
142576 17
49358 17
17333 1
97051 17
1440 3
100509 10
89648 4
133366 4
134754 13
10131 7
104650 8
9191 4
19104 15
133388 17
136106 9
37166 17
26115 6
58359 1
103872 17
44676 12
116249 10
12291 10
17175 17
122346 5
99641 1
58887 9
98082 6
33570 1
63311 1
16994 7
147852 10
45990 3
108598 11
6202 14
76867 17
60252 5
37485 14
40697 11
129320 8
124080 3
72639 13
2469 3
21351 16
16185 15
124399 3
14887 14
122556 14
141268 5
81606 9
36110 15
88311 7
95217 11
26695 14
7719 8
130388 16
112863 3
87413 2
124970 6
133146 17
123608 7
36825 10
44728 14
121678 4
137514 1
114783 11
73269 7
57554 6
13177 16
138296 8
117728 17
7914 8
88807 5
97040 8
108619 11
89416 16
5740 9
114547 16
25763 15
55789 3
56534 15
3905 9
113507 17
117087 10
126556 17
62001 11
12040 1
94885 17
63974 7
124383 12
123197 9
21473 14
115605 9
68784 13
26279 17
30555 17
42115 6
31365 15
110921 5
82097 17
142012 4
86033 15
92863 16
76488 7
69622 9
9199 5
83263 1
124240 2
78605 15
92002 13
27826 17
61271 17
147804 14
48742 13
25868 17
79219 3
88299 17
85173 11
8296 8
146323 3
119487 14
80180 7
136890 7
102202 11
10711 13
115445 4
17425 16
60729 15
53886 7
129343 6
11115 11
61688 15
28092 17
72158 4
144546 17
87025 17
84713 2
101684 5
42701 17
56359 14
121447 17
135588 14
75270 14
40028 5
144476 13
44708 17
90768 10
146962 6
71164 14
41490 15
37094 5
20629 15
146625 15
25476 3
14691 11
70573 13
40822 17
27690 17
30733 14
50386 4
35012 16
10394 17
116605 13
72339 13
71683 12
54677 1
48450 9
146423 13
48740 7
134293 17
45311 3
53831 4
76942 8
119690 17
65893 16
48230 10
40720 1
16606 16
100939 17
134744 17
137535 16
40114 9
48143 15
99774 9
143300 10
44810 13
137190 8
12177 12
47827 4
6654 10
136896 15
25025 5
62586 11
28417 9
81928 17
145203 2
112286 17
114755 12
26237 6
69457 8
64067 3
58273 17
37325 6
36638 4
118073 13
124643 12
99623 1
111477 2
74350 17
97532 3
127972 17
61844 11
144564 16
115634 17
47437 17
123973 16
117790 12
130125 16
113822 9
73997 11
76515 17
78497 7
120027 14
21114 2
98687 17
60570 2
105115 1
84339 17
25388 11
85041 10
107511 6
7490 14
44120 11
15022 3
137093 7
13490 10
130735 16
26664 9
115694 7
120014 14
9024 3
107369 17
125550 17
60232 16
48869 12
44659 13
84735 7
72148 6
36096 14
100526 14
93290 10
10513 17
120080 15
26109 7
85642 1
119689 4
8157 8
115040 12
119430 5
103012 17
24337 10
45460 5
122056 14
123378 14
14940 2
89167 17
51191 3
122201 14
50491 7
54064 12
90190 3
110415 17
57710 11
78871 9
52552 11
139169 6
109174 4
87943 5
101586 17
124971 16
73494 4
146868 14
57216 15
131004 9
7987 8
98785 10
137464 6
96298 6
5513 7
105470 11
91621 9
130938 17
32605 16
146217 1
129455 13
123414 13
98544 15
100373 11
146797 16
111703 7
14275 13
19150 15
121454 8
97142 7
41606 10
98896 12
71804 1
140799 7
101585 12
118653 7
134710 16
13519 13
145874 4
54670 2
22890 17
70956 14
81135 8
106749 11
43567 17
108382 17
143458 6
40855 9
66468 3
38349 1
112756 12
27117 13
120463 4
12822 16
45966 5
132526 6
6279 9
92112 8
139734 1
136479 15
28285 6
36228 4
132110 8
120991 6
132754 11
37581 7
18774 12
106703 8
66889 10
3567 17
61897 8
50091 7
40498 9
48379 14
12469 1
129145 16
114622 16
143849 2
75827 14
112551 13
109377 17
177 12
114845 11
15270 4
103633 16
76208 17
74687 17
7528 9
37197 2
129113 17
120970 9
58450 17
64482 5
67048 11
110888 17
14106 17
23274 12
127896 12
31343 8
34223 15
5767 13
117978 11
143182 9
130538 16
80621 11
73595 1
10958 3
28665 6
12836 8
71515 6
137985 17
92758 13
114886 17
135117 12
84372 3
88064 6
67641 3
30276 5
134096 13
109178 14
63013 13
95044 17
14596 1
66194 15
31313 17
4228 10
93006 9
2920 12
138356 12
97014 1
55538 3
54213 6
40302 6
80582 17
21723 8
111255 7
88153 3
128552 13
73426 7
5937 7
122417 5
135203 6
8965 2
143528 5
128445 14
10499 4
132123 1
92522 6
116550 17
34915 16
4211 1
99735 1
84458 3
35369 3
128959 8
37698 12
135997 11
4208 12
69170 15
68445 8
68420 9
34008 7
14367 2
52967 16
39753 10
138680 5
130649 4
78082 3
37302 3
63799 6
104083 14
57805 17
145244 14
10977 10
97894 6
79864 14
42806 8
74469 14
55551 7
119792 13
121543 3
110356 17
115802 8
19669 12
142653 13
11094 17
31095 5
114401 6
131951 10
72127 4
126889 17
92569 5
107224 9
114513 11
30628 11
33481 12
112675 1
118364 2
101170 14
104196 1
117323 12
13820 8
60955 1
99208 3
7450 10
82086 17
12843 1
119502 16
122133 4
142421 13
144517 13
24831 11
133262 2
31051 17
83328 8
111547 12
87174 4
38641 17
14054 17
78991 16
116489 17
39436 15
22480 17
130761 17
9539 16
94367 5
30068 10
48597 11
134232 13
81339 5
85279 8
50883 17
10186 14
27793 6
94106 17
45925 12
123389 1
132027 8
106908 17
53692 2
134213 15
141778 14
73359 5
76015 17
57786 5
39020 2
137787 16
143188 11
48122 2
6613 8
110194 14
140833 17
61132 3
69363 5
142490 12
73944 3
128022 17
17192 17
21361 13
42565 12
42761 16
44512 12
47964 8
115389 8
94495 5
16898 14
145096 13
129907 2
104517 8
78116 17
49462 5
80400 10
34329 10
46428 17
23662 11
24180 10
71137 15
54211 14
139507 2
78609 15
117493 3
42789 17
32643 14
45355 9
31810 9
62450 12
141249 15
5372 4
98043 17
18037 17
50112 5
1381 17
2052 1
21807 7
22615 15
826 2
67655 17
122649 2
117595 6
133642 1
132839 14
11099 13
73806 3
35688 3
120542 6
20767 3
34038 5
104575 4
116035 17
128241 7
70879 7
79300 13
105963 5
99994 17
144923 11
69966 9
29896 15
21335 3
48716 6
132231 17
141034 3
41601 6
70136 6
114672 8
28813 13
137295 1
32457 14
45326 16
49683 4
63192 5
108152 9
111141 3
99126 6
90705 4
98884 15
127902 3
69421 17
102986 17
78538 17
134253 3
137774 17
109658 12
61352 17
28794 3
28890 9
959 8
5289 13
103001 5
146654 15
35294 16
65111 1
23958 9
90382 3
103660 1
65568 17
55393 11
80795 8
30461 9
129211 16
64076 7
46460 8
11722 7
86526 7
35144 14
126874 8
49337 1
8881 17
31193 15
66533 12
125416 7
136673 17
72998 16
118689 1
136931 1
70626 10
69593 7
54817 4
73561 10
36162 17
124323 13
70205 3
76195 6
103741 17
123872 4
138451 11
46324 8
3918 4
137368 3
134301 1
125903 15
101760 7
146694 4
125026 16
5000 11
55345 1
82596 4
75535 3
94802 9
85035 9
139414 16
21482 17
41507 6
18215 16
9640 16
80068 8
18145 7
138669 12
138418 16
55390 12
35321 10
147598 5
135836 7
81241 7
7035 11
68998 17
114764 5
75134 5
69583 4
17786 8
26031 15
55861 6
76617 8
61759 11
146999 16
100558 13
63838 15
26423 13
53991 14
72428 11
107514 14
131349 3
105801 8
135249 2
89785 5
135350 11
61542 15
131260 17
57798 7
72985 14
11226 9
95538 17
69116 12
59633 11
101425 16
16103 2
79936 3
10371 15
51137 17
65848 2
71502 13
119727 4
87429 17
77100 15
138081 16
106526 17
96331 13
113338 15
45953 17
105122 14
94314 1
53301 6
69344 1
38702 17
98346 17
7908 1
20885 2
33108 17
35469 2
83052 17
104520 8
77824 17
57390 16
5728 7
83072 6
64068 17
98950 13
16592 2
108114 8
49244 4
100006 3
137618 14
33358 7
50485 17
33020 14
103490 2
73132 16
104048 17
71950 8
113210 10
43317 17
1294 14
142927 15
86687 12
127997 17
96218 8
95303 7
102434 17
44531 9
120638 13
70259 11
19206 13
72335 15
139997 6
89345 14
18310 17
80455 1
72170 16
135122 10
21638 11
98144 13
48351 16
75076 13
62294 8
125599 17
59335 12
136205 6
27007 4
71900 5
39054 17
34036 17
52883 7
105272 12
134204 3
91357 4
47339 14
79526 14
124601 4
80540 14
144866 12
94568 13
143213 13
30018 16
102769 17
128443 5
47505 13
98110 9
71339 17
116358 10
48981 10
1593 12
13771 5
147662 5
70232 8
133060 9
127595 14
15250 11
38328 13
85948 16
147935 6
67003 10
3561 9
17734 9
135054 11
128377 10
28247 1
31182 1
93278 8
143080 10
78520 2
140978 16
77575 13
86156 14
114808 4
23808 2
47749 1
78846 14
24612 15
143741 9
67910 13
130927 16
111853 12
51128 4
114624 13
108796 7
17505 11
125176 15
17536 17
132752 2
71836 4
108639 17
124553 17
61307 3
135407 1
29250 14
72395 11
54609 15
58803 6
73488 10
76337 13
101880 3
108818 4
121042 12
78886 15
84575 11
10048 14
125626 7
110361 11
25445 16
2462 1
26216 7
13278 3
130615 6
30131 11
95589 13
115179 9
9838 7
135721 6
90318 9
30532 17
140305 17
116623 17
133076 9
56587 6
59486 7
142166 3
53704 1
88310 14
81448 4
57677 3
56173 3
116783 17
97055 17
22497 13
96415 4
2820 8
108977 17
144628 5
64527 8
83539 9
51585 7
129135 14
74544 13
22690 2
53304 3
95381 14
128559 3
30196 15
122722 16
32354 2
87579 17
39367 16
52828 11
99793 6
58223 17
16904 1
134954 2
67880 9
139450 11
113924 5
38534 17
65937 7
62195 14
114568 17
39622 11
122832 9
450 9
130471 15
21193 17
47027 6
90116 11
46747 1
50797 9
127170 10
87087 17
109623 8
98428 15
33772 1
9880 17
54480 5
32737 8
137764 10
86460 8
35592 8
124279 16
97406 17
43541 2
4337 16
136911 16
109249 16
38136 6
34703 17
37850 4
76585 13
18357 9
94103 16
61260 10
120695 8
75478 17
6171 17
54438 11
109748 17
110915 3
32777 10
32305 10
50512 16
136874 15
34070 6
62665 15
52976 17
51298 17
26286 13
132035 8
33483 8
93642 10
52108 14
43905 6
70245 14
69059 14
62933 6
140718 14
124333 6
62376 3
101991 10
24227 14
38359 15
144377 11
90976 13
93840 16
72537 17
59987 10
141358 14
77549 15
136829 1
66625 13
141360 3
146139 4
51215 15
72438 7
19080 6
131800 11
78238 2
23305 5
40575 11
60111 17
63271 4
118970 17
90836 7
74404 15
107223 14
67684 14
51258 12
148033 6
90825 14
143910 12
50823 12
6054 10
13973 1
5554 13
35103 9
124632 12
27529 1
14666 5
90837 2
114351 10
102117 7
118483 12
15627 17
119766 6
114532 8
85230 2
37363 2
146667 6
72579 8
134700 9
18209 8
97323 11
49237 4
85374 8
47919 8
17924 16
87963 17
81931 16
77486 17
75302 12
18509 8
53511 8
138595 6
101704 17
110769 6
147103 16
81517 6
34871 8
127196 9
112555 6
51923 1
69416 14
14092 16
71280 2
16142 2
31103 10
108618 17
39629 15
85696 14
101313 6
38644 1
80063 4
79619 11
73095 9
10767 17
135885 4
125545 13
116920 16
27776 13
16742 5
1231 2
101205 9
8370 9
35559 16
6217 11
61725 9
60235 7
156 15
134044 13
92388 16
83463 9
133564 11
27964 9
8100 6
140185 2
60557 4
75106 6
47655 5
68024 2
119163 1
60918 2
137059 16
102854 6
60476 17
146037 7
82218 17
138003 17
100075 2
98320 11
70591 17
69977 17
58613 8
63554 4
3525 9
20605 14
49327 3
1057 10
33070 6
125898 6
88231 8
42810 5
53349 9
3112 6
94280 9
86932 7
89919 11
108653 11
8293 1
105459 17
52315 7
53987 3
80758 17
103033 13
139415 11
115208 14
23617 2
33494 14
125998 9
115324 10
101808 6
24533 11
88010 3
36832 11
75952 8
119835 4
17267 4
67839 5
43574 12
120823 17
61181 15
37997 17
1203 16
58576 11
109757 16
93400 17
13190 5
88190 17
97662 11
77567 17
59784 17
98722 17
11282 8
120682 12
87009 17
93154 17
19326 6
57205 1
45004 4
115335 8
33760 5
40580 1
56149 9
140459 12
70493 9
100016 7
70195 11
21101 10
91805 3
129051 13
83525 4
49406 7
21657 8
50011 17
137493 11
99432 17
42194 17
55292 8
133677 17
54209 17
78250 5
119753 5
33346 16
3652 9
33502 5
139536 3
40091 3
81877 17
34988 7
83799 15
81109 4
27671 17
126369 7
33315 7
5072 8
123412 6
107905 11
37148 1
67243 17
114618 3
41703 13
54302 17
96947 8
147217 2
86740 16
56264 17
39659 6
144480 9
99761 3
143225 7
70775 17
92038 10
112758 3
22158 15
125532 9
115238 10
148080 17
89837 9
53847 13
77271 13
38820 6
138928 7
64436 4
29356 11
92816 1
99035 16
141727 7
81508 12
94541 14
47988 5
9035 11
24772 16
98377 12
137531 16
36239 11
126834 5
13822 6
32708 15
78680 8
8723 17
122863 2
75816 11
139431 14
27987 17
146265 13
138160 2
1600 7
146354 6
108012 13
130622 13
25497 7
138646 7
23483 11
92252 2
115213 12
96170 15
11679 2
61383 13
119181 11
379 10
39888 3
141575 9
68238 11
142764 4
111835 5
146813 6
74994 14
121938 16
59634 11
20716 7
97026 6
83913 3
11638 15
99937 14
107183 15
74031 10
85146 16
73765 17
137505 7
59523 8
85362 17
14603 17
55802 9
115945 7
96372 2
71351 15
28391 14
88286 17
2135 1
113031 5
52563 11
79777 17
134850 14
62506 12
64390 4
132970 15
130669 12
1172 9
68277 6
82920 15
136423 2
54162 11
120668 17
33655 14
10492 12
61501 4
147321 5
14904 4
124479 3
69995 9
113477 17
25290 6
80909 11
7962 4
108756 6
14534 17
84265 10
52622 17
57189 17
141376 6
115885 17
117081 3
34802 6
7534 2
136265 17
84256 8
84636 14
41812 14
5718 9
127939 14
15801 8
13360 11
146524 12
107066 9
20194 9
37911 17
132565 15
93655 17
71813 17
134456 17
57416 11
7804 2
57131 6
21028 12
37810 12
109227 5
57156 8
116188 1
50822 6
103185 3
26040 13
30465 3
10651 17
133965 14
90783 10
101047 6
132602 8
103048 8
2444 12
18105 17
109754 14
38138 17
30870 17
31248 9
92490 15
132367 10
145343 7
80049 4
117403 7
67649 13
106052 12
117410 15
57618 6
62526 16
90392 11
46911 17
101827 7
32624 3
41734 5
121988 15
122623 17
25430 11
62129 2
61854 17
41331 8
5848 12
54412 4
134993 17
44178 10
23466 7
33708 11
10490 6
80636 3
28359 7
44136 4
56684 17
124345 11
136148 2
124755 11
146207 17
134782 4
22549 13
87690 9
118233 16
47020 16
100326 10
77768 10
4713 17
116822 4
60287 2
12842 2
40956 5
47397 7
1972 12
18092 17
76294 13
48115 10
29285 2
107986 8
59578 9
89799 2
79599 14
94475 14
83500 10
49043 11
37486 16
135649 5
23916 17
106899 12
90824 7
34435 14
23485 1
83293 15
78639 11
112139 9
98400 4
31494 17
145957 12
136300 12
95058 11
64064 17
26633 7
27320 17
66238 8
24700 9
83834 3
74712 9
96094 7
110665 10
145426 13
87501 12
110691 10
137258 5
132246 17
118930 4
136134 10
15236 8
100654 8
137872 12
76216 8
80310 3
72503 17
89726 16
129122 7
76289 17
55064 1
43498 16
3901 10
37665 13
112370 16
74038 4
130298 9
122384 1
147091 10
140677 12
53540 17
18282 6
67455 12
17641 17
10796 4
26006 9
31874 14
53325 6
97343 2
141478 8
26542 1
105230 5
137475 2
97651 16
33565 12
139419 4
54689 6
134315 12
15986 4
101382 4
136626 7
17169 8
141195 8
101803 9
10607 15
30871 7
125842 13
55281 16
112025 8
31066 7
26696 1
76609 11
11806 7
69811 9
16324 5
51311 10
3403 1
101404 4
20105 12
24104 11
5244 11
93836 11
45083 2
17917 12
23681 14
129756 4
48984 17
95228 2
90914 12
86959 16
95930 17
79968 15
123429 17
90315 10
45484 8
107649 9
96476 17
113883 7
58336 17
35747 4
122108 8
19593 15
97794 4
43494 17
128206 3
78376 3
62436 13
10857 1
19088 5
42557 4
43161 13
146672 2
37012 10
113872 17
73300 13
117135 15
71291 12
16073 7
55616 17
95101 9
13055 13
9156 17
39263 17
56524 1
18371 5
148032 17
120870 9
122375 10
52882 11
123185 13
134719 16
106525 5
43233 17
23286 16
8169 1
111352 17
122752 8
64538 17
34413 11
71594 17
30819 12
81735 5
138037 11
52965 7
147137 3
87001 1
51721 17
47222 3
60850 7
52296 13
72525 6
48946 11
68207 11
19086 1
15275 12
68328 14
120199 13
80751 16
37320 15
41982 8
140024 13
32849 1
121541 5
76703 3
71442 14
138449 10
85588 6
90684 15
19858 12
40728 6
44236 6
15111 7
39880 9
70551 5
103303 9
39399 16
132651 5
71672 9
120951 5
145955 3
85116 6
6364 10
107172 9
138463 14
130882 13
49293 11
24626 4
113248 17
139425 16
8966 10
41740 5
24185 10
7031 11
30763 17
47878 17
89882 6
127730 17
30076 15
73846 12
137544 13
108116 14
87115 14
142494 5
114273 4
35223 1
75605 17
132553 3
19576 11
109378 17
88248 6
119003 7
61335 10
65009 6
125279 17
132153 6
115426 14
109861 3
131441 13
70023 8
66011 5
77849 12
7253 3
49950 5
141299 4
82767 6
14745 10
21515 11
30647 9
51207 17
121760 5
137975 8
27680 12
43841 3
84424 13
49668 8
6446 13
71046 15
93364 11
96604 15
37081 3
84375 7
145213 13
1348 9
121931 17
105845 16
83157 7
50434 8
101181 4
95394 13
43175 17
25157 1
82336 7
110317 7
65196 5
142220 2
124698 11
1618 5
134578 9
99677 12
14493 8
69855 11
57024 5
16069 6
14932 13
82970 17
61612 15
94074 16
87289 6
101536 2
146497 9
83317 2
104193 14
76652 3
9634 8
109409 7
13588 7
31818 8
13481 11
67954 3
144686 17
132179 13
42423 7
65443 14
138378 15
29503 14
39805 11
95465 17
56646 11
105559 16
3856 14
89037 9
89550 10
1728 17
28074 16
133312 5
87583 8
47424 2
31911 17
146732 3
52696 10
129312 7
111025 11
30936 12
41950 17
16355 13
52080 9
101028 15
18365 12
46885 1
134973 4
43242 7
33410 11
79629 11
131907 16
3138 8
108121 17
61116 11
5132 17
118590 4
26728 8
57666 3
132252 8
99786 7
76235 9
137587 8
2512 15
11683 15
88189 5
6011 10
117016 4
99323 10
32306 17
132852 11
82143 16
119576 2
83250 17
48970 1
80982 3
140199 17
22276 9
27951 5
91583 16
11372 3
118511 6
26815 14
91714 8
56640 6
90536 2
22391 8
49457 8
103594 7
96203 17
26795 15
144747 2
113939 17
45789 2
86317 6
59362 17
77388 4
51246 14
71571 13
17276 13
29648 11
56241 3
101306 5
135659 8
93014 14
89947 9
134620 8
141564 2
48081 17
9304 4
92079 1
11987 2
74673 3
104907 10
146357 10
59617 17
39043 12
139565 14
80053 16
147381 6
98776 13
118214 12
71689 2
40102 13
75287 9
68271 5
129904 2
99645 8
25941 5
44520 17
30257 17
129292 13
26538 10
35626 17
63802 12
115657 14
35666 15
99966 14
126679 16
94869 3
126490 17
39644 16
131954 2
106945 5
43142 17
78142 9
2411 15
87547 5
57251 14
74313 6
37858 17
31755 17
4064 8
98452 1
105409 4
108517 5
138134 17
97758 4
10354 6
27271 1
142122 13
67435 7
3616 17
40429 17
59478 17
140320 14
16279 14
109307 16
24155 7
79841 6
19741 11
93289 4
55706 14
129610 12
53818 7
49767 7
129568 15
49287 14
62093 9
41301 14
87977 4
111583 17
79141 14
47320 10
66943 14
76445 11
121635 8
26635 17
67994 17
121682 3
57850 10
14975 2
118179 7
82741 17
50164 17
55925 3
114936 6
88415 8
124290 5
67072 13
52743 7
45576 17
120710 16
115946 8
38005 17
119640 17
1462 5
47842 12
5521 17
65497 15
81174 13
110532 8
37239 1
116007 17
88707 2
22557 3
96617 14
98543 12
111757 5
111022 7
68097 17
56724 1
33767 15
8772 7
106199 17
32987 14
127494 17
4144 9
2342 12
145857 9
26180 4
2412 4
67692 4
92982 16
75889 5
2404 4
105863 4
44574 16
95937 6
70669 8
115880 3
85609 10
130481 15
120913 2
10528 11
125593 8
65888 3
26406 6
122529 17
79709 1
120700 5
8383 17
4122 2
20659 4
30021 10
40992 13
125449 11
129438 16
95855 9
117244 6
78870 9
109282 3
118866 15
133280 13
130158 5
65679 4
20070 14
36394 6
20036 16
34531 8
36596 12
12621 17
89433 8
66098 1
121680 3
48069 17
55477 12
13922 12
144016 8
106620 14
68353 5
4959 14
140289 3
112141 11
70078 11
59424 16
119414 17
143216 10
74925 13
49128 2
87421 13
8711 9
122602 4
20430 7
141907 2
97673 8
89524 1
34240 16
46685 12
91294 7
77154 17
121903 10
59218 17
86521 15
78511 17
97973 6
134592 17
34208 1
30143 17
116862 3
61197 8
10524 11
98549 3
7729 9
34460 16
62757 6
20086 16
43 14
12196 12
117502 12
8285 8
36134 16
134193 9
145636 17
8477 12
32803 2
113140 12
85888 1
72361 12
66368 2
61997 9
79012 11
100220 11
61486 17
145940 14
29247 11
29588 17
124929 10
132863 2
48709 12
21036 10
92221 11
95052 15
8108 14
16395 9
117296 1
110952 15
108182 15
139743 16
81233 17
85931 1
100762 15
34194 15
65152 5
94662 17
120765 7
56734 3
102348 10
131745 16
108930 2
112521 5
85018 5
106262 9
53402 10
15969 8
8522 5
52940 1
22605 11
27003 7
35037 7
103180 17
88971 17
103434 13
15819 17
17991 17
135316 16
58998 8
91780 7
53747 5
142712 13
28581 11
127560 2
752 8
4058 17
64126 1
8511 13
37427 2
126729 4
82374 12
42541 12
108718 15
46243 12
86818 1
135737 4
41058 1
84967 9
107837 17
72163 9
66777 17
126303 4
79772 2
117075 2
71159 14
62683 7
145064 2
110724 7
48978 5
50670 8
125741 4
4048 17
143855 5
49433 12
44979 14
60502 17
101403 6
86480 5
72377 13
64065 7
106615 2
32431 17
59318 6
130663 6
58978 17
98735 17
87473 9
130017 2
71740 16
94129 13
28444 17
73865 4
17289 5
63414 11
130902 17
18038 12
61284 16
55095 2
87167 10
52549 16
134408 9
119877 17
35520 1
137503 17
36616 17
140206 13
62836 6
98080 12
137070 4
81153 3
88679 7
28593 16
139430 11
42862 9
107017 4
16429 12
50632 8
32055 12
6637 7
26566 16
100890 17
100214 17
28509 10
54103 7
74838 9
63152 5
50230 12
21189 4
82567 3
82664 14
129014 13
57550 14
75594 9
9089 3
113508 7
89808 6
76518 2
54455 8
4525 15
44135 6
63609 4
44132 9
61031 9
63097 8
21925 17
7721 1
68327 3
5010 9
36452 12
117271 15
39904 17
50566 12
140609 17
146554 17
128356 3
6635 14
9377 17
102894 9
112299 4
143535 1
92542 12
11797 17
138557 15
29469 13
133820 12
124799 4
102479 4
69853 11
121511 7
7247 17
91062 16
62235 13
31191 17
72433 8
11395 10
121625 8
130437 17
4682 14
80328 4
123221 13
1638 17
18068 12
107771 17
13968 16
113463 17
14764 11
111398 11
35723 15
121385 1
73549 10
100048 4
49098 2
86086 1
17378 8
32635 8
97344 16
102238 10
75549 6
10952 7
136540 2
147174 4
41893 3
127418 17
115427 16
75352 2
22964 7
12695 6
33640 2
88461 4
25162 12
5568 4
124742 10
138386 17
24320 15
83793 11
3915 5
52279 17
141848 2
105623 9
106531 17
27809 6
29344 7
87155 2
64509 16
43017 11
88828 1
64894 2
30807 5
81869 1
50083 16
48572 17
124519 9
133433 17
137789 16
49940 9
3538 17
111288 13
93334 6
71031 12
35089 5
20713 3
6561 4
40239 7
83780 7
38397 4
54532 3
8276 7
33969 13
39046 6
57539 14
86340 8
32135 15
50576 2
4700 17
146918 15
96627 9
118092 8
26008 8
35 15
80603 1
44922 8
65725 17
68246 17
39746 7
46667 13
99085 10
136614 15
41419 14
119029 16
37479 6
46035 13
19903 15
24096 11
2173 4
4672 6
18127 9
31976 11
117718 5
90317 14
106567 1
74578 8
75479 7
76928 11
49757 11
39612 7
54968 9
40605 15
32040 6
147229 13
118277 13
51532 14
68384 13
74201 7
100255 7
56363 11
96475 12
87666 9
23864 17
107088 6
68746 16
44422 13
85991 17
128536 8
57828 10
89807 13
5790 7
105764 17
48213 9
87660 17
65098 10
18096 6
57634 5
147906 7
9400 15
73743 16
10049 12
140981 12
110086 11
25313 17
18326 3
55550 2
54500 17
14428 16
108327 4
130129 8
87078 17
84446 15
133901 5
54294 12
106083 14
65495 10
17274 11
70833 3
141114 1
138301 15
136349 17
67451 2
86665 3
33050 4
87498 11
88481 8
74452 1
145351 1
28206 15
23458 3
96158 1
72811 13
64107 4
22046 13
14070 6
69303 3
44228 12
57381 7
125723 17
16214 13
67527 8
126217 16
132560 13
18745 17
29270 17
80038 6
63671 5
130043 15
38536 12
26014 13
125321 17
70327 7
25398 7
32628 9
22817 17
102743 14
68302 16
57759 1
110996 5
48786 16
92497 14
21572 16
7697 1
26673 10
40300 4
7733 17
82282 16
123992 17
107996 14
111718 7
34079 10
8140 7
19201 6
48718 3
67278 1
92371 1
84468 12
44906 4
20872 12
11719 6
6194 9
37623 16
36610 10
44956 8
22462 17
40065 14
14065 17
59997 17
82018 10
139827 6
29335 3
58694 7
39190 2
114807 16
131390 12
105957 5
63942 17
128591 17
99171 3
105072 12
63744 1
95167 8
19262 17
37450 17
62137 7
120526 12
122899 17
61559 8
103044 4
64087 10
101740 8
117583 7
66338 16
118157 16
14050 13
125251 6
134197 17
30777 4
25390 7
98341 12
119861 3
950 9
43706 16
114365 14
2078 15
58688 15
116214 17
9010 17
20002 6
27853 15
25778 13
33582 16
40709 4
9738 14
46807 11
84826 13
81045 11
129854 6
44032 12
80911 16
123434 10
127226 14
52445 13
69226 17
64044 1
73796 9
83176 9
47499 12
50002 8
73318 9
8686 4
1077 6
60310 11
99584 8
109027 17
133740 11
42916 3
127416 9
129422 6
34319 9
114487 13
57641 8
135178 17
34426 15
123583 12
26312 15
45338 6
114080 17
125384 4
144696 1
116846 1
16673 7
13161 9
31302 4
14588 12
506 17
91261 13
66166 17
18586 1
109965 9
47997 13
111394 7
12709 8
55637 15
137513 12
113548 12
104044 17
85266 6
10928 4
37669 4
89373 13
7882 14
93862 8
32906 8
106215 9
74797 13
127505 16
17871 1
134909 10
122443 9
103261 12
77085 10
75262 14
30549 12
37728 11
107415 17
69925 12
124275 11
115900 1
53736 12
98948 17
43124 16
105325 4
53487 14
2957 14
52673 5
92917 4
79228 17
51070 16
68650 10
116221 7
114316 15
94969 12
93904 5
114093 12
4059 14
18759 14
91992 8
82354 9
80665 3
68753 7
81319 2
53088 17
81094 10
86164 9
84614 17
98933 4
145746 15
25356 10
136544 17
12268 15
42011 10
121649 1
22227 17
76814 11
134922 7
95367 3
33269 5
79999 7
89963 15
30718 17
70687 14
46550 14
75921 8
139376 6
5019 2
13399 1
10788 15
124046 13
65970 5
95917 15
74564 5
33701 1
126567 17
82845 13
126628 17
54934 9
131985 8
136551 16
98822 2
134108 9
48775 1
145734 7
113499 1
58470 12
10272 10
83287 8
27749 8
10908 10
63752 3
148071 1
106001 13
106416 2
120721 4
127061 6
144600 17
44062 16
115679 10
32776 17
24449 7
119728 17
100640 11
113358 1
143205 1
142407 17
119538 17
58299 4
34862 15
2999 3
89132 6
25389 14
144211 5
77621 17
98995 10
102844 8
141083 13
39008 16
56390 4
41943 12
59496 10
5667 4
18160 17
98392 16
114963 8
25812 8
122935 7
130955 16
124814 12
25983 13
112203 5
69039 12
81219 14
129595 4
117734 5
117438 12
22203 16
146547 17
33722 17
5333 4
58312 1
12430 3
52253 4
146675 17
24530 10
96230 8
47920 1
30700 3
65945 17
6121 14
63477 12
121696 17
40742 7
144061 14
77247 12
77866 17
97976 2
91843 11
84744 7
78920 11
1690 8
135723 10
123320 7
143265 15
43804 7
102046 7
71335 4
56932 1
73477 17
11027 17
58907 6
84552 16
122127 6
74444 14
73658 8
87388 4
95277 17
82589 1
47732 8
147909 7
79132 13
64767 17
129045 5
78187 7
57008 15
62395 5
130940 8
4098 8
70372 13
94213 12
135052 3
38132 11
128964 8
83210 17
3310 14
51734 2
140208 10
119273 14
15741 5
29275 11
32003 4
125955 8
34640 4
137072 16
29351 3
74536 13
76517 1
137096 5
68546 4
14271 5
47961 3
20972 1
15993 15
6554 16
110717 9
142432 8
121673 12
138976 6
126732 16
57102 13
107654 7
97281 6
59358 17
54770 17
130284 17
100505 8
30418 12
76947 4
33330 13
143600 1
124191 15
138532 13
63363 5
78600 6
85722 6
56441 2
37736 6
86914 15
55367 1
117014 11
16992 13
147701 14
109624 17
34156 9
32352 13
19718 10
64518 12
69580 10
20213 15
42760 13
121408 8
145292 3
70211 2
81249 16
22349 17
88353 9
60831 3
80114 9
110046 14
126528 16
109740 1
111344 3
23667 10
43221 3
118129 3
16393 1
74363 10
35500 2
145062 14
10718 5
83615 17
127539 14
42908 4
127578 8
50788 17
26897 14
120054 14
134829 17
126457 1
8427 16
68477 17
74002 8
6486 3
52570 13
6311 6
90547 12
118786 10
43179 8
38224 10
87635 4
3052 7
130841 4
118972 6
56182 16
109791 10
58816 3
99717 1
35708 15
118606 7
119219 9
1111 16
133885 2
26818 17
68709 7
138281 15
45905 8
74975 3
105356 17
34323 17
91957 7
69725 6
5663 17
31057 15
88017 2
20193 16
80854 2
80364 8
75683 7
98222 17
79226 13
79532 8
56009 17
15175 4
66982 14
26249 3
134038 2
142263 3
89319 10
46962 5
3136 17
63734 8
6734 10
75740 12
89976 8
124670 5
8280 13
122221 7
124429 12
102308 12
2358 15
12590 9
52440 5
50601 9
47340 11
31708 5
79636 15
141839 17
76191 15
71696 5
97905 14
93499 1
146454 17
123216 3
60423 4
8401 12
1757 2
129138 8
20571 6
27336 15
121333 17
3177 16
126941 10
86347 12
49410 1
91811 2
21470 17
107565 8
30745 15
35774 8
93262 12
16165 13
125052 5
36314 9
7051 6
109967 17
28215 10
8746 17
58201 8
135435 7
55504 3
52495 14
134361 2
1331 9
8757 9
126799 7
124989 12
145423 14
137111 17
14769 7
100090 17
144661 10
11725 15
86563 12
121095 3
3947 17
782 16
50910 9
124949 17
116132 13
101933 5
78585 14
130006 13
47546 1
116465 7
109031 10
97711 10
90969 17
39725 6
3140 14
58344 8
133594 17
93258 17
88551 16
22291 11
53926 13
35285 15
59861 9
133619 9
123971 7
6535 5
80450 10
14878 2
50279 14
83001 1
140916 13
32254 6
138426 16
136892 12
66558 16
62322 17
88309 17
143486 17
132538 15
55519 15
33997 9
6785 9
144013 17
55851 7
10608 9
10138 10
35279 12
144074 5
14740 16
133167 16
119841 10
30627 6
14945 17
71456 10
145455 2
37264 17
120839 17
134225 16
24681 12
54324 17
69082 10
18702 12
14816 16
48392 10
61332 17
104765 16
132407 9
120549 12
38122 16
143613 4
59027 17
125345 4
72119 2
45834 17
9442 16
93098 13
11177 6
138887 14
12856 6
168 15
130507 17
77421 13
63305 3
12279 1
10254 17
610 11
90404 10
50855 7
115824 14
62954 6
138923 17
116886 7
104514 8
9961 17
96341 7
121288 6
35215 12
101453 17
30101 11
141587 9
141571 9
17899 17
63873 17
68120 7
24633 14
33541 17
56492 15
24168 5
5565 17
49171 14
107634 5
82443 2
5063 17
127533 13
8358 17
127259 6
58497 16
112680 8
89935 17
147845 11
119437 9
120701 3
33479 17
20895 14
46456 7
78356 9
42814 7
147069 5
80453 2
77903 17
120077 17
21308 10
11260 6
38801 1
108134 14
64438 10
140482 1
35411 16
107233 17
76309 7
52136 15
120408 17
127375 9
62007 16
119734 9
105010 9
112234 10
86841 10
77484 5
92763 6
112906 13
12808 6
140867 5
37711 17
38646 10
98511 15
724 14
22442 17
75091 1
15569 4
81093 17
9097 15
68725 11
123823 14
67382 13
571 3
28663 3
35958 12
6622 6
15434 16
107801 13
81060 6
92867 8
70009 3
26313 11
129029 16
8371 16
30956 7
20245 8
38321 2
61076 8
117216 17
128659 3
119555 4
36032 11
141931 9
142107 4
128229 14
106099 14
48759 2
52687 12
129132 4
49671 6
132993 15
65110 3
31661 17
144841 11
100724 1
106007 11
111429 17
137987 17
121784 17
133907 14
61464 17
100823 6
138697 6
76017 4
88219 11
7015 6
69435 2
94904 13
143754 17
105897 9
12613 4
67566 13
22248 11
34906 3
55366 8
96545 8
122778 15
91818 17
63550 12
146734 17
82677 6
15301 17
51134 11
123268 17
71924 5
136724 4
54487 3
81711 4
136922 9
75646 8
47060 10
94451 8
20858 2
4002 15
5753 9
26526 1
95653 2
82041 12
7061 3
81230 17
56637 3
69588 12
100674 11
54957 17
100933 12
96166 11
105685 4
2258 6
143859 13
110191 9
138738 15
105861 17
17063 15
121406 13
35861 16
106459 6
50630 4
92935 17
80743 3
6376 6
19155 1
124921 9
21674 1
106895 11
52064 10
38016 3
32517 14
126549 1
110968 17
37951 17
23401 17
19902 2
103486 1
97617 12
146015 8
45721 1
85591 16
128576 11
6255 6
63954 16
78889 10
81512 17
56983 17
140975 17
121337 4
41170 3
20692 16
48201 1
33912 17
101481 6
146091 2
31346 3
67417 3
119401 6
146659 5
39173 8
132166 16
79834 17
56199 11
121751 6
125443 14
10238 14
50926 10
44684 17
109538 10
42626 13
15333 11
109862 7
67160 4
122016 1
144759 14
95598 6
52100 1
67408 9
112895 4
56020 9
132449 11
114497 10
63077 5
44126 11
85471 17
11127 11
43775 3
26657 14
124352 8
48778 16
104953 7
139487 10
54657 17
69673 11
32159 1
10965 15
71848 3
142004 3
38216 3
66733 10
143841 6
106569 13
92775 1
111929 8
88575 3
124358 9
29755 15
64017 11
36095 11
97545 12
65803 17
65843 7
24265 17
112899 8
9218 14
132736 15
25190 7
136542 17
64493 9
244 6
20983 10
86995 2
48878 7
136749 1
115846 17
114723 2
57148 12
134602 5
131849 2
134042 9
62600 9
82710 13
133756 17
103196 14
4067 1
100789 3
6589 11
120967 10
72913 13
26505 16
91181 6
63667 16
4357 1
55815 12
82805 4
31599 2
145294 3
39370 12
66351 5
100126 1
58624 3
8497 15
6575 2
15971 12
55407 4
40647 11
143869 15
110703 3
53871 12
56697 13
11813 17
6784 4
142334 9
34788 8
97742 5
10752 8
33691 2
42156 8
55417 15
92774 12
20216 6
64113 10
24009 17
127935 3
108291 8
70340 14
108259 7
130302 14
37775 15
84503 15
7069 1
77107 11
69488 11
91332 17
98068 15
44656 17
33140 16
147922 9
3476 4
77284 11
39348 1
23295 11
113718 3
112800 5
129020 2
77278 6
96882 5
37868 5
117470 17
121695 5
45792 17
60197 5
139880 11
13539 6
139062 11
48569 17
105283 17
134043 16
73812 13
37788 4
139440 3
110260 17
145718 8
38661 4
7787 1
19550 14
136080 8
79366 15
6355 13
16369 11
81469 11
18263 4
71282 6
90324 17
109338 17
40805 6
48056 6
29329 4
80107 7
31709 12
129434 11
62595 17
96208 4
109610 17
91157 9
5492 17
9296 8
94311 4
103188 7
146768 3
41594 7
56900 6
119516 15
86529 15
90796 15
34397 2
138580 17
100433 5
85004 2
67047 3
17490 10
108322 5
89205 13
3563 14
126332 6
108842 11
57909 1
4619 5
99802 17
85033 6
85063 2
29778 11
106723 2
3326 17
117050 5
66815 14
80412 13
71410 15
3240 7
145612 10
96445 12
11304 9
104711 3
134095 4
39010 7
80687 9
106107 17
125123 15
80025 2
35529 16
95661 8
134102 17
89127 3
11468 12
144279 16
61594 8
104368 2
70049 17
147919 16
81874 13
106145 5
140678 13
33334 11
87508 3
2240 2
90076 4
78962 5
69385 7
19990 4
135506 15
1358 7
99229 12
136858 8
42611 7
47189 17
28726 4
8377 17
56406 11
131466 9
107024 16
75669 17
78430 8
132392 13
54015 17
63202 12
69676 15
83129 2
75103 17
22694 17
30402 10
42078 17
124791 14
75863 16
128830 16
110332 17
2368 8
87994 13
32329 4
139187 1
85145 17
68641 7
86092 13
139463 7
72631 16
118904 14
102198 3
66852 9
124138 16
83890 3
68244 3
32552 13
135027 10
47301 1
37036 1
119248 1
69400 9
44494 5
30233 13
94554 4
25440 15
64906 6
9336 15
83384 1
33637 5
58205 8
121266 1
124666 10
42146 17
63513 3
117548 9
93850 2
91020 14
135338 16
129357 10
62825 11
90232 17
106306 14
16778 16
104940 17
125669 12
138569 9
99172 17
7474 2
88437 13
136547 6
132961 17
38919 17
86153 2
109193 7
105878 12
30648 11
44506 8
97468 11
15197 17
96537 3
45488 4
53968 17
52847 17
62438 5
36151 17
142202 14
8879 15
32444 14
64621 2
91042 11
61131 9
122522 5
101813 1
42412 17
97188 1
143515 2
73776 7
108862 1
31590 16
52225 6
108377 11
82079 7
43453 11
137776 4
6863 7
119521 3
82738 2
59787 3
50929 14
138453 6
63419 5
8822 2
144616 11
43143 12
76413 12
101167 1
62028 1
113516 17
77773 15
18521 17
13620 7
50633 8
108555 9
35554 17
15781 4
59735 11
122998 6
76405 6
68539 1
126429 13
124769 15
28714 13
44186 4
142415 2
11900 11
54740 3
49143 2
10525 8
135039 11
26722 8
11364 1
59245 2
1725 17
71084 9
127411 17
113678 16
18196 3
19775 12
103127 15
113006 14
22309 13
19950 2
58284 7
103875 10
125078 15
41016 14
8030 13
93596 3
33224 9
92921 14
38649 7
21791 1
62978 13
91333 8
65142 7
46339 5
41758 2
103885 1
45216 3
16796 10
36048 13
121344 17
20932 1
57212 10
30717 15
42298 6
81130 16
14302 8
15514 5
14273 9
123170 15
118716 4
107244 12
48745 17
140636 12
137663 10
19279 3
53780 4
129018 11
9698 13
29942 9
48971 16
43398 16
41969 8
91637 15
152 6
107362 2
109882 10
28968 1
144129 12
3163 2
21042 3
97074 17
35363 7
53645 12
7275 17
64215 9
24010 7
126148 15
119139 7
115736 16
107964 7
10836 15
53046 7
13831 10
128244 13
17463 11
9836 3
56586 7
43633 4
121106 2
88300 7
140584 6
72316 15
31330 9
40113 10
123366 17
136007 8
33563 2
90408 1
99427 2
117566 14
113304 12
29120 4
142871 11
2488 11
22873 15
65043 6
106101 16
6181 4
2053 6
47703 14
58894 12
48546 3
83760 9
115775 13
127673 2
136765 11
111008 7
79104 5
33915 6
131816 11
29940 10
74524 10
73970 13
54909 11
83418 13
128862 7
55339 5
49878 16
19971 4
112561 13
119398 9
114754 10
7978 2
132156 17
9492 5
55230 17
11993 4
40659 5
12574 13
78103 10
27259 7
47290 8
89088 15
73011 1
136973 12
23453 17
108064 4
143563 4
63033 10
85827 15
114556 8
129695 12
21406 11
143193 17
137379 10
112901 14
28114 9
73087 9
14621 12
129118 17
51264 7
115860 15
122441 6
142161 4
134763 7
99666 7
112616 17
122341 2
50866 11
126899 13
145296 15
62660 3
49889 11
116685 16
55160 16
25603 6
145624 9
47542 15
123123 14
115255 5
110929 13
88306 17
50646 5
92233 1
132599 14
16280 1
135887 13
45204 17
107477 14
98281 14
20600 2
53719 1
3497 12
57601 17
26150 5
109505 17
109152 11
97756 17
123219 4
131732 11
31359 5
129230 17
133258 2
61339 9
77622 5
82530 16
60775 9
62420 17
124431 15
56332 7
142061 2
65862 15
114094 11
136445 2
71286 17
123816 5
63636 8
33024 7
19596 8
31349 17
9493 5
64328 4
69284 6
4762 15
23199 12
95297 15
13546 16
115271 4
44891 15
31029 17
29845 15
103730 1
146865 7
127031 14
127725 5
6312 1
109056 17
8476 10
83486 12
107563 12
79113 17
99239 10
79143 6
881 5
45074 12
54707 7
23096 8
27629 5
100832 5
34680 14
75337 16
29834 14
110936 4
76902 17
34963 4
129393 3
121908 11
18800 2
75249 17
3376 16
38173 7
130325 13
101588 16
25928 17
138522 10
40971 17
101372 14
29643 8
121415 1
13573 16
55644 5
138171 17
36935 8
87432 17
98501 9
139254 5
107112 2
25555 2
119709 6
59571 17
93273 13
83806 3
77093 17
97410 14
131217 13
13915 15
142676 15
57192 9
33482 5
101067 1
121975 3
43028 5
64786 4
130472 2
63158 9
51211 13
131968 3
29226 7
63555 11
146539 7
44902 9
93912 12
7943 12
134026 13
95354 15
38093 1
27685 1
96930 5
76519 10
81504 8
47451 2
103557 17
84160 6
7588 6
127339 17
124610 17
37238 13
59910 11
31658 14
96222 8
110193 17
13149 5
86524 5
75138 2
52043 2
110728 17
98407 2
42217 7
8557 11
19969 8
139176 13
130445 17
50907 17
122693 7
128076 16
9360 14
142088 13
11198 11
145157 10
106995 14
97852 3
130744 17
32568 6
13203 17
11308 3
16246 8
128359 12
135716 5
538 9
120535 4
31425 15
31452 17
21411 15
94387 17
46173 15
47986 7
147716 15
100533 3
55780 10
74453 13
142954 9
49480 15
49908 11
32667 17
73211 14
22264 17
70734 9
4589 15
51028 4
81720 17
60139 9
39369 15
95467 3
136632 8
10334 8
77161 9
116096 1
47818 2
43053 6
22101 15
86031 12
77592 15
145780 15
131274 5
123812 11
111953 3
123737 11
18596 13
97635 2
146905 12
124297 9
104980 17
88550 3
125129 17
98365 7
90073 15
123274 17
117149 17
30533 5
10102 5
126667 5
94226 8
108780 14
69500 10
6058 5
124552 12
34794 6
66549 4
80712 7
17698 10
88540 12
7251 11
58231 13
122431 11
14255 3
8348 15
47608 17
54086 6
32095 17
34708 2
55172 17
50344 7
5982 11
20181 11
137052 6
51235 17
108831 16
26546 16
41532 13
69407 14
7862 14
69337 8
50004 7
6938 16
73823 4
96149 5
81613 12
99926 1
40352 6
120637 10
18463 16
126462 4
128050 13
9376 10
130975 10
133325 17
49351 6
145726 2
56529 5
107956 10
85162 5
95046 17
35464 2
53907 12
69688 8
82535 4
88891 17
100252 12
77462 6
33039 9
27002 1
131036 13
33308 5
72544 17
122830 6
95469 17
69944 13
13169 2
64990 8
4046 17
71739 16
10485 17
24169 9
84684 3
22571 2
122698 2
62719 1
9960 2
37819 13
86629 7
114378 6
5288 8
88483 7
7042 5
97010 4
82605 15
54298 1
75145 9
78620 1
90378 12
60254 7
139861 16
32204 11
87276 6
64508 17
78109 17
26079 7
128540 3
39579 17
36019 14
126842 4
91609 1
139283 11
68112 15
95647 8
77417 1
22946 3
8944 17
65027 16
146752 7
144797 8
25921 13
45654 9
71345 4
140351 7
71301 1
87656 1
125927 17
42546 5
133527 17
44225 17
139069 3
136629 5
66788 15
138560 16
137641 14
11737 3
77099 9
25256 17
77905 9
117876 14
123995 11
75456 17
74844 6
94312 8
37510 17
11644 17
116800 16
100024 12
18985 3
36280 8
90697 17
142346 2
128222 10
119825 12
109593 11
123721 4
105829 5
92767 9
43387 17
83767 10
39384 3
135642 7
11339 17
124438 16
110854 3
29477 8
48088 17
120066 17
101837 17
3618 1
16614 9
139541 12
139953 6
54942 7
95834 1
99121 17
133029 2
142381 16
104713 13
97321 5
144372 12
2552 17
115458 3
12016 14
89975 4
134068 15
36364 17
124159 6
99099 1
96887 10
20166 4
19075 8
129896 17
41886 13
32199 7
109382 5
88667 10
67272 17
145517 4
69564 17
25486 14
85070 15
118888 17
104518 13
24186 17
137304 3
143007 17
56428 4
48951 17
115731 9
63724 13
76913 4
54289 7
122554 15
87504 7
64446 3
140946 2
135004 6
97801 16
27508 13
69479 11
9373 15
111379 12
62106 10
121936 6
31873 2
35260 13
33124 2
61686 2
123803 5
95442 15
35351 16
116769 1
32526 6
18014 10
58163 5
52574 4
11610 9
61160 17
107847 1
38140 5
61614 5
117446 7
83285 10
67026 17
145890 12
19606 4
90580 17
72624 3
79406 3
106200 12
127891 16
28701 1
109211 16
48885 12
134570 11
68362 7
33737 15
100438 3
85227 10
32793 17
88170 6
142583 17
33012 3
140849 12
3680 6
125735 15
75956 5
142009 1
15681 3
137832 5
18923 11
103183 12
19320 10
61774 17
143373 2
61141 15
22711 17
147398 10
43579 8
52142 14
56134 17
97047 17
147325 8
42498 2
58399 5
145336 3
52320 6
88496 17
125525 13
24427 6
20032 15
41156 15
33778 1
133689 6
126027 13
143358 17
19347 17
115747 4
25534 2
99485 11
51302 7
5506 1
60522 13
95711 9
146458 7
3667 7
110792 11
21961 1
114576 4
63368 9
31672 14
134892 11
103076 17
128183 8
42158 10
102053 2
49511 9
134538 9
61788 8
82692 4
10814 4
94477 6
116179 17
145996 16
46303 12
57747 5
143281 8
109255 9
143917 9
1530 16
130835 17
145642 12
27779 9
41830 17
133155 13
94560 17
126526 6
67657 17
133600 7
125077 5
76891 2
124125 12
96387 3
93227 17
23813 15
72196 16
29265 15
69056 17
79081 12
31731 7
20315 17
137735 3
92648 11
78646 16
9592 14
13557 10
55559 13
87324 3
74591 14
78977 14
51226 4
83257 17
110535 17
35299 10
606 9
20392 17
42018 8
145017 16
141421 16
34011 9
17195 6
86249 17
3974 5
141209 2
40254 13
115812 1
32841 17
141474 1
67033 12
34839 17
53681 17
111063 11
27066 2
77784 16
14363 8
106364 5
144909 17
29856 10
101743 3
63669 17
27849 6
119994 15
74808 15
132182 14
41952 9
49538 4
69900 2
109928 12
48020 17
107651 1
3109 6
60553 1
23353 8
124162 7
568 5
73702 4
46646 13
16163 5
59085 13
39804 5
115923 17
12752 5
82711 10
147295 16
52957 17
88998 17
42023 17
14701 1
142331 5
86067 13
114782 4
110084 5
2069 13
3005 14
48101 11
103696 12
110671 11
106641 17
32861 17
65554 5
137278 6
83028 17
146981 5
111611 17
87282 4
135489 17
74027 3
50969 6
9466 6
140025 13
122043 16
36567 8
129054 7
56040 11
119030 11
140663 15
1912 8
20082 2
142162 15
72748 11
121070 8
18743 11
23310 1
71369 6
72116 4
146107 11
99565 10
47856 1
47269 1
76663 5
38985 5
142639 9
14135 17
62902 15
60833 2
113522 17
28393 1
14593 15
54810 8
137658 2
27913 3
84257 2
46139 7
54543 12
16272 12
75366 11
105642 12
59472 12
2016 17
117811 17
114525 13
92488 12
133141 12
48756 8
138633 1
117447 11
136282 12
13932 11
63884 10
54550 11
52107 8
129726 16
12374 14
4937 3
8133 14
121083 4
36980 14
121000 10
113380 9
108664 12
84173 10
20831 9
31309 7
144291 14
121065 9
90577 5
66052 17
13899 7
59607 7
59116 1
48930 9
15139 11
23573 12
63853 13
118963 14
135301 10
4710 13
71556 16
11943 3
16013 16
102235 3
86661 6
32986 8
79427 15
32304 1
114873 15
132390 15
32129 1
16712 7
142794 15
70539 14
117436 6
113221 11
120521 7
43563 2
43232 6
109649 10
112300 5
5795 4
128655 17
131801 7
6638 5
14047 3
105980 17
84533 5
88684 13
6199 10
89881 8
66866 12
35872 4
93969 2
107205 7
39856 2
26399 9
61747 1
92205 3
108919 17
87426 11
62329 2
53401 15
54172 10
24719 10
66775 10
27607 3
43650 13
55877 17
47872 12
116919 11
140653 3
12704 14
47839 6
80768 6
116537 4
63578 8
62434 2
24451 12
71501 5
72069 3
33558 16
141196 15
86135 14
4362 17
24855 2
138986 4
81647 5
133005 17
96083 2
98267 17
84320 11
115661 4
29918 2
40286 1
34078 16
89314 1
80955 10
106833 5
42743 15
48459 14
37129 17
63814 17
137900 9
47470 13
64984 5
23098 17
109203 7
109466 6
68823 9
117306 17
14962 5
55584 17
2443 17
103960 6
90050 4
3351 10
109296 7
134736 3
79943 1
95212 7
69545 9
122642 17
43760 4
55010 17
46615 3
12199 12
48710 12
1861 4
147048 9
123020 5
111512 12
41616 16
83133 13
130440 8
127013 6
77346 4
98440 17
4452 1
103900 6
26320 9
138852 6
23944 2
21311 9
30398 11
122178 17
74562 17
141762 7
83722 10
114749 2
29823 16
49508 4
46162 14
26645 11
68028 8
67021 16
82331 5
63291 7
79782 3
116778 3
6209 3
129800 11
2914 14
54417 4
133111 17
94132 13
54564 17
104725 13
43049 17
44918 16
129493 16
70978 4
34903 9
17293 2
103754 14
47043 2
143484 12
77218 6
28390 15
80781 4
131262 15
71089 17
103160 5
2216 16
136038 17
34705 2
76736 4
73097 7
67755 11
136824 5
142048 13
39547 12
64909 6
13297 9
77066 3
1426 17
16433 14
126775 16
118715 17
19739 17
40651 17
25153 3
2574 8
38687 14
144318 11
26503 14
116502 5
6754 1
29693 13
35352 9
80815 13
41801 9
123539 12
125009 5
109493 4
88834 13
113286 14
110904 17
20412 4
61704 5
22193 10
82230 6
144264 13
134563 17
78432 17
71143 5
4101 12
135977 9
31826 17
148011 2
22697 17
138631 17
116932 11
72460 7
13333 14
78294 8
127068 16
120564 10
33313 4
37009 2
138576 17
18152 17
101498 6
147485 7
12859 12
11335 17
117970 10
63142 17
2840 17
66499 1
107500 15
121444 17
60253 6
8554 12
14861 15
55275 11
81994 10
78912 14
131143 10
58495 12
77743 2
15883 7
145093 13
103848 9
73074 3
27713 17
31036 5
89969 4
41672 16
116651 12
132949 6
75422 8
143637 8
135095 5
3104 2
57489 4
40210 4
66455 15
103513 8
131088 15
75257 7
83042 5
81067 2
141792 15
51978 2
86058 4
127913 7
125690 10
38581 17
475 14
79862 6
119719 1
32075 4
48812 17
134788 16
33076 12
114482 6
64851 16
144172 17
88006 14
108272 16
41972 11
142390 15
144550 1
83854 17
144853 16
56385 14
138843 15
43445 17
89272 17
67848 17
95542 2
67277 12
118533 5
24178 6
88144 12
117564 1
119097 10
65518 16
95907 4
95726 3
141277 16
50288 4
24827 7
37448 7
82366 5
96878 12
31516 1
4550 17
134335 5
54272 12
127708 17
21087 15
101308 2
116765 15
139388 5
37661 8
56140 9
74076 5
30692 10
65644 10
127799 17
20045 5
70793 8
99739 13
78730 8
11353 9
27883 17
90463 1
34983 6
95262 4
129179 1
94746 17
33186 4
11453 13
113754 4
4470 1
43581 7
115873 17
147945 13
11074 14
110272 17
137670 15
46558 5
86522 14
2465 17
8042 17
13394 7
129588 12
104495 8
110447 17
107913 12
65925 14
108195 10
56249 12
33810 10
57368 1
2765 17
47967 8
42634 16
120116 12
68657 8
13292 3
32478 17
11817 4
96451 15
112264 11
77775 4
127274 3
27658 11
29025 13
30858 6
43379 4
75325 13
131712 11
88607 7
61311 9
29406 10
120762 17
142110 9
93595 17
80204 10
7842 8
31033 9
95011 2
4133 4
61916 13
47023 16
73672 11
103858 15
108227 8
79886 17
83416 11
65008 17
94037 5
89588 8
78906 17
107551 14
139420 11
144231 15
142157 6
7120 11
51586 17
7091 6
69122 9
142710 2
46549 9
137585 1
59831 9
105733 12
144448 6
134618 5
57385 7
530 1
49934 15
33680 1
101250 8
43178 8
61871 7
54352 12
49084 13
9775 6
100003 11
102717 14
8603 2
104869 15
57014 6
78475 17
69803 11
72182 16
97107 11
50787 17
29906 9
43568 10
108303 3
57918 13
102484 5
135787 6
41298 11
111098 12
89376 15
102470 7
137664 1
63458 7
78065 7
29078 15
115612 17
63330 17
60907 1
31210 4
101572 17
114944 11
78162 14
41817 11
55408 16
112381 7
35899 2
61980 7
101101 1
23700 12
68910 17
74301 15
68411 1
13995 4
131613 1
76954 5
55081 12
75285 2
43468 12
111572 9
148065 15
109995 14
92396 17
133525 15
94697 11
140497 13
103501 10
41190 17
97308 17
11072 17
46165 16
92406 12
96735 15
29137 9
7659 4
90947 1
147472 13
72263 11
29974 14
37454 9
48270 17
74167 1
87134 3
53652 3
35568 13
16541 12
116994 17
136250 14
18854 14
146952 15
40548 14
79855 7
142327 14
17369 14
39331 7
30721 6
137647 11
49956 12
126344 3
7873 6
50327 13
101407 17
71819 4
14123 17
138285 13
43064 13
115256 7
67088 14
99197 15
19460 10
91324 10
10200 6
98835 17
98879 17
73555 3
89811 17
134151 16
12090 2
111212 13
67924 1
3896 11
32158 7
62289 5
23724 7
108232 8
70895 17
71441 3
12423 7
117449 12
129069 5
102370 9
41905 1
60070 14
13350 16
3885 10
59155 13
92139 1
33453 17
73649 12
26401 17
70253 7
137996 12
38593 13
105847 14
81852 1
57234 10
59215 15
145757 15
95292 17
56887 12
23283 1
102245 15
59068 10
92465 17
103789 3
38460 3
90729 2
88086 3
87934 6
133225 13
17638 16
96524 7
81277 2
65201 5
87120 9
8311 16
38088 11
2565 7
110563 1
104501 14
73565 12
63264 12
98373 16
142285 12
104410 3
9700 12
44162 16
82617 2
90638 13
81251 17
145043 10
137436 5
103613 17
87392 6
135220 13
140222 7
53246 16
68613 8
68105 5
106636 4
117536 11
147012 7
324 1
76100 13
110127 1
46788 14
561 12
23036 15
69913 15
119350 4
80367 4
79605 6
39323 9
10414 7
89978 3
72951 9
88727 4
19493 2
98241 5
23387 15
88974 10
102722 5
101890 7
22136 4
33681 10
101171 13
85884 17
3536 2
126349 7
102885 10
26438 6
71837 13
124381 7
89680 15
40263 6
23069 2
62844 13
29988 2
14137 10
42875 14
130915 11
67889 16
128261 9
80968 6
12421 6
6572 4
70655 17
45548 10
136720 9
26420 16
1550 5
83610 6
42148 10
111105 3
131169 12
76872 5
135795 13
16335 1
69041 8
37944 16
10701 12
144067 15
71978 17
76423 3
90844 6
145357 6
53042 8
128605 7
68924 4
143991 4
21806 17
65753 17
102478 7
35132 9
121721 15
109487 17
121800 12
69383 13
79880 16
18621 16
127272 17
63506 8
16491 4
51929 16
36698 16
83155 7
16765 7
13119 13
130806 3
88515 6
4117 11
136729 11
125286 1
20271 17
71894 4
133617 17
24389 17
110627 12
128905 9
104927 16
20033 15
89464 13
72890 5
47187 17
38148 7
34923 17
40479 14
120145 8
40590 17
1539 10
114920 15
34642 16
124573 11
52821 3
31952 2
92521 17
65366 16
41744 14
53112 13
18722 9
37228 17
109120 1
96790 3
117148 10
14696 13
44118 15
114385 2
139189 10
34503 9
76762 7
21217 17
71776 15
23404 3
72233 2
76158 6
60540 12
17345 14
121622 14
71626 11
14706 5
121255 12
124862 17
42386 3
9817 17
78037 5
86540 17
10710 7
32087 14
8595 1
77435 8
140566 8
52656 7
115284 1
23380 13
137502 11
83641 3
23287 2
121987 1
95724 9
106776 3
23328 1
102558 2
45592 12
118819 10
95282 2
140755 10
96962 17
17231 17
90843 11
121110 5
88167 8
49784 8
43112 2
118088 1
116464 10
40216 3
65186 13
59785 8
84049 12
80656 16
63973 5
87348 17
128870 8
116003 9
28449 15
37680 5
37468 12
71021 4
21562 8
121743 13
4444 6
128064 9
54253 9
134133 10
94064 11
55444 5
69527 10
125010 7
41176 11
147151 11
8683 13
30224 17
53714 5
30833 17
123173 16
53944 8
84664 13
74530 9
43696 7
83953 2
126938 10
34471 8
111333 17
8985 9
107692 3
103859 16
19174 10
7249 2
33304 16
59339 17
76271 17
9375 8
98061 1
67853 10
134448 5
48531 13
81209 12
42830 15
15921 7
52936 14
142580 5
143420 15
118649 13
22238 5
102978 2
29104 9
35135 15
31065 9
37818 5
12762 10
87222 8
77424 13
70313 9
7339 15
34679 12
16650 17
87376 5
46395 16
59465 5
11710 6
6000 6
65264 14
79610 8
128119 17
147475 10
84656 16
106382 4
758 13
27959 17
143922 10
18770 10
94635 10
107187 8
82238 7
141706 8
38708 17
130741 5
110652 12
109207 10
130579 1
2641 13
109580 9
38221 3
94672 17
69458 12
139580 17
108210 1
124961 4
91608 17
102597 17
139033 17
121590 5
77321 9
40762 1
51455 6
119145 17
138880 10
118256 4
117799 9
522 4
38762 1
57001 11
114431 14
16591 2
65143 13
77059 2
58349 6
88421 3
7867 17
70022 2
36975 17
136867 16
34491 6
85497 16
12829 12
57330 16
91919 12
118903 7
43484 10
87992 1
110419 13
147383 17
135804 16
110314 2
17538 17
90236 1
3900 17
41399 4
61685 5
72955 2
125359 4
64655 1
5857 17
63468 13
80577 6
85494 17
19305 17
32228 4
1181 15
100982 3
83638 1
121821 17
135769 8
70241 10
9026 8
119348 1
70977 11
24322 2
71145 17
106980 17
83907 14
77148 4
128310 2
137527 3
126728 17
107510 9
55845 14
53773 16
98036 10
121608 15
109778 4
80788 17
134174 7
98244 16
16146 14
123241 17
127986 9
38444 4
97664 7
44253 17
7415 7
102954 1
144970 9
30245 1
1799 17
6228 16
144258 17
52034 1
66921 1
57971 11
109597 4
108993 16
133214 13
33123 1
35904 2
19447 17
51297 2
75389 1
112824 6
135923 10
72286 17
13592 12
73713 10
96146 2
51661 17
124403 4
71875 4
15019 8
124459 13
36937 13
38442 17
143472 2
65004 17
120401 5
13192 17
53802 13
13871 1
106463 17
66875 11
141446 16
32453 6
45439 8
5144 7
2422 6
32722 2
113898 14
130740 11
66881 2
143572 3
39157 17
118894 15
146998 9
66374 5
114058 9
28831 17
71298 7
95287 7
1100 15
3601 9
121224 2
140989 2
125820 13
133519 13
70902 16
32945 12
120198 2
121498 17
19621 1
94165 14
104156 3
88331 9
112552 9
140706 11
34527 13
147270 12
125870 3
16702 16
7776 13
7981 1
19905 15
48575 11
1454 8
4455 9
96279 15
87733 16
69174 13
140994 11
116228 12
14807 14
142547 17
137287 10
96894 10
37637 3
90364 1
125505 15
52547 10
104236 13
19410 16
18321 17
133576 3
111827 6
9671 10
4746 2
112185 11
81023 16
50409 14
19087 11
68185 2
144278 14
64796 13
58379 16
34810 3
84888 16
123316 17
111385 14
111423 11
32389 14
28560 6
70449 9
124904 17
131789 17
36553 7
38461 9
103458 11
76850 3
76108 17
129878 12
53198 3
117027 11
52170 15
92364 10
85775 17
15237 12
91383 1
37024 5
37075 4
123516 17
112978 14
12617 7
41281 6
57344 4
11436 15
72135 6
50450 4
70352 14
143592 6
44633 8
7682 15
101130 17
86071 3
112801 17
86114 17
5156 17
114356 15
71469 8
77953 8
25707 12
113374 9
73371 3
8649 7
32157 8
36631 6
81803 15
138274 17
43671 5
18465 15
99652 17
102533 10
64248 8
74896 2
103930 17
12409 6
147150 6
80563 5
93976 10
143543 17
27487 5
25210 10
129972 2
57619 11
75165 11
132855 12
132772 17
51391 17
105196 11
147878 7
25866 6
82619 7
33802 13
55844 16
74635 14
116004 10
106456 17
33743 1
33759 17
136002 6
54539 5
117990 10
124029 14
3254 14
85989 15
15234 4
129094 15
26093 9
139271 13
98058 3
140422 17
20487 14
117497 10
68831 17
53476 14
144073 16
138539 3
58230 5
144299 6
65269 2
49283 16
101288 2
40242 5
84798 3
26016 15
146044 7
18232 17
118696 14
20095 5
139551 11
51358 11
54633 9
110391 2
104820 7
59148 6
20290 8
91828 1
77687 13
142607 11
6127 16
110306 1
39578 14
24693 13
139113 8
15895 16
57134 12
68542 17
105704 6
73101 15
137929 5
141781 2
43292 12
60863 11
57908 12
65935 5
67611 6
108802 14
116761 10
138931 5
106261 17
67574 14
19159 2
66031 11
63298 5
2984 13
91105 12
91522 16
147058 2
81593 5
106800 10
67445 16
108755 10
139244 15
25779 1
20458 11
10811 17
107104 2
51316 10
72413 4
85291 17
48542 6
63809 17
133529 16
39792 11
116157 9
11818 15
100276 8
128787 13
80363 2
135732 13
48190 9
111209 4
65445 9
126627 2
108043 8
42264 17
33809 10
95252 17
46967 17
111121 14
59906 10
51984 9
101298 16
65094 1
60601 5
113108 5
27401 17
8419 2
93171 15
33441 5
38504 10
103903 1
45407 10
66229 15
49253 6
36905 2
24481 13
70777 2
121930 5
74722 5
75588 9
20465 7
97004 14
33569 4
43691 16
136292 9
21827 12
143835 4
14039 14
120366 16
18900 9
31249 12
691 4
4975 5
98404 4
95007 17
19809 17
23013 12
41291 13
3925 1
139108 14
774 5
137109 17
141589 15
137110 1
80475 7
7632 2
92856 10
103002 14
83025 13
142186 13
63274 13
101508 6
11976 14
12243 11
40213 15
42093 17
145622 16
56028 13
136315 14
78405 16
66519 14
104231 6
7270 9
97434 6
44580 14
58168 17
24230 17
115975 12
77860 2
88214 8
85687 17
125125 5
38199 12
13586 14
15848 17
91189 7
30387 11
38891 6
139505 10
85213 1
25539 8
137188 4
7110 3
146617 17
106532 17
115456 2
127281 8
127001 10
107231 11
147161 17
71635 11
67253 7
118827 17
110465 12
97022 16
36734 17
51675 13
66216 15
4696 7
83618 11
109526 12
88332 14
22509 15
20140 12
89547 13
59977 17
125565 6
39103 3
106402 15
2405 13
64454 8
83630 12
82361 17
113110 10
33633 14
6671 2
65154 13
21059 8
102182 17
72342 5
96447 16
99954 12
122297 5
132664 17
93760 4
50921 2
12258 4
11225 2
18982 16
122318 5
85768 10
144470 7
61196 12
15705 10
113334 4
116823 1
54785 10
27706 9
141507 14
145902 9
134915 1
43067 12
137457 4
45454 16
108228 4
60455 8
8529 16
134088 15
52139 8
81361 5
69532 11
42896 17
131418 5
72597 1
123233 1
73659 7
20856 1
39995 1
123460 4
88495 9
82902 5
111685 17
130473 16
123594 17
39433 12
113962 12
101765 7
55377 16
95524 7
59721 16
13051 6
138239 12
130287 1
6502 4
31529 1
55303 12
108139 12
46964 12
35704 7
51920 6
126709 11
30645 3
72796 17
146995 6
16835 14
20264 4
48690 17
80141 9
121669 14
12781 4
147415 12
51091 1
80502 4
60083 1
12503 3
124998 2
74623 7
78046 9
129374 4
19813 2
8552 13
32398 14
19422 7
116894 17
32775 10
108076 13
13003 3
85257 12
41800 17
7810 4
126612 8
86657 5
65838 15
123127 7
135986 13
10108 4
133152 17
32020 5
5154 9
18857 1
27313 17
88258 17
93748 10
69517 5
82917 5
64734 5
58182 17
50049 11
85152 17
133023 7
420 11
58988 10
69923 15
43890 14
39844 17
107817 14
99776 7
11793 16
90611 17
55665 11
91945 16
127155 10
22428 17
33022 11
85229 3
51785 4
63484 17
13002 9
53072 4
135537 15
24606 13
112942 9
147294 1
89030 15
28472 10
49236 12
46337 15
99773 13
28942 3
123470 16
12455 6
140725 6
137825 13
96636 17
136593 17
63783 1
92615 6
59545 12
20729 6
90519 11
139760 14
83735 6
129926 14
123522 7
100132 17
20186 13
36505 17
103464 12
81571 17
51571 2
108763 8
63788 14
36041 1
146365 11
59292 16
100754 13
77492 5
71882 14
92015 1
27819 17
81190 11
89651 10
11004 14
36224 12
131803 8
103867 8
64775 4
103176 1
64165 17
10532 5
73878 17
142574 14
73634 7
135385 16
63358 13
126407 6
141512 4
5361 6
63237 1
71048 15
53734 13
128823 17
11832 12
102560 13
126397 15
105069 5
118457 1
48349 11
39452 9
86561 1
110118 15
38000 14
133729 13
143636 1
118227 9
34484 7
138553 13
32067 4
22485 15
17634 3
107557 10
20255 12
99396 6
136646 9
130094 14
32290 7
42911 15
58420 11
1716 9
21500 1
129376 11
100970 9
147149 17
103179 2
147146 2
96487 17
485 12
41687 17
104404 6
76707 15
132406 5
49951 6
144039 17
114911 1
81322 17
129671 17
74042 7
88617 16
50395 13
8912 17
296 9
89315 3
77842 3
118021 3
49122 5
56203 2
39302 1
93253 14
73293 8
115460 2
116588 10
20397 12
74259 12
103922 5
46586 17
118599 7
96673 16
80718 4
124195 13
84980 14
78160 11
126180 11
114978 4
59178 5
80433 6
71563 1
14754 13
62150 15
62775 1
101773 4
34581 4
62761 14
121030 1
140391 3
23399 5
6803 9
36715 7
76067 5
86605 3
53536 17
33770 9
19109 15
91572 13
97120 5
6855 12
5862 9
69832 11
107439 4
30197 5
21314 3
37986 17
98102 13
57422 15
130089 15
89698 17
50744 8
17366 3
139770 12
133494 6
109631 17
42455 11
116458 8
100947 2
88890 11
115641 14
63504 14
112947 2
9759 14
74702 11
110294 9
12345 5
119764 15
140908 4
75256 9
53566 11
65202 17
1235 7
39531 10
144927 5
39324 2
57541 8
111808 14
124260 16
76331 11
57161 4
103148 11
130034 1
12879 11
99428 4
62570 8
103769 2
18705 5
19996 17
78844 12
46299 1
74882 4
10117 17
107184 9
92018 2
32307 8
95431 8
15855 6
98211 11
117185 17
69105 7
57054 2
64473 14
122449 12
30014 17
122919 10
74589 10
105998 11
41925 14
144496 1
66133 2
79786 6
107983 12
76536 4
102215 5
56159 11
93560 17
96756 17
87100 16
112019 5
56339 1
34162 9
15906 6
110100 10
13155 10
66371 12
51832 16
34501 1
102614 13
67859 14
75560 3
88740 8
126756 14
144298 6
123235 12
105740 1
19737 16
132604 13
74546 5
142339 17
71102 12
19077 17
85845 1
117838 1
69438 3
8733 10
147545 12
55581 1
95983 11
38353 7
42721 16
109832 7
19945 10
138840 11
89968 17
132109 12
109688 10
84638 2
26153 3
23826 11
107318 3
101093 11
62812 15
88993 4
133222 17
49945 14
21958 16
119055 15
25110 17
76667 15
147072 15
72994 15
60449 17
17803 17
16443 12
112687 6
69524 8
105879 17
33270 8
15159 3
79942 13
138311 6
110807 14
49168 8
69695 14
23200 8
65066 10
109333 13
66342 4
98180 14
34557 5
5724 2
108188 13
50523 8
97337 10
56082 4
141286 3
86737 1
117336 7
3850 2
67255 17
20352 10
96504 15
109441 6
37641 3
79213 10
49783 5
55639 7
13122 5
49771 3
7319 16
2870 7
83356 3
128563 5
75415 3
8308 9
94687 1
35473 7
129519 17
146156 5
76142 16
100579 10
77471 10
141569 16
77333 11
3551 12
132739 9
52258 8
46421 17
16286 6
114916 15
66202 2
116329 10
141281 17
28156 1
27199 5
121736 16
10223 15
111812 10
16377 10
70296 14
116859 8
55219 14
47825 9
147378 1
136446 11
40698 7
139080 9
75796 12
112126 7
41239 13
40558 9
72665 10
114855 17
20978 5
3494 16
130009 11
1205 3
143644 1
71207 12
72258 17
28073 11
26883 17
143863 7
2949 9
103699 1
106095 3
34248 5
71785 17
71179 3
112518 10
16211 3
38837 12
121316 9
47757 5
116509 6
113520 8
126170 12
89964 4
41401 7
101582 10
103757 3
142147 16
68412 9
117496 3
46289 16
42722 7
96691 5
6372 17
1069 12
115540 12
119426 9
86956 17
89709 9
82830 17
33886 17
92564 10
48929 17
10040 14
108029 3
69046 11
115230 15
69961 5
127810 14
27480 4
15183 6
61192 17
85605 7
88350 17
29455 5
25974 8
83655 17
89470 3
32382 16
52657 4
104002 17
86618 9
117158 16
23836 9
116254 14
36615 2
58010 14
19861 4
42091 14
26552 13
115345 10
27892 16
87273 17
18692 17
43695 5
109598 16
68668 16
88985 13
42628 14
47457 17
66101 16
117632 4
132332 14
111504 14
39332 16
63934 15
147225 11
42566 12
122962 17
147619 12
38616 3
1983 10
14633 17
30518 3
110318 11
145109 8
42482 17
109074 8
110611 17
88404 5
25142 7
30771 15
11973 11
111005 12
146055 9
28328 8
123998 7
119467 3
115563 17
30963 15
40920 15
7374 12
124141 11
34489 17
103125 17
93279 17
84419 4
84211 6
100583 17
48634 2
10061 17
135050 16
38576 14
99223 15
90722 3
13103 10
70703 10
94035 14
79364 11
108957 10
65192 3
70448 2
26917 3
51349 14
5821 3
89585 14
97719 2
98766 4
113166 7
109302 3
104889 12
38034 5
34799 15
120266 17
145412 14
133459 15
28349 2
57809 5
141052 16
131772 5
111216 12
37900 4
1136 9
148046 17
111170 16
124371 1
132485 14
93610 16
95758 17
20718 9
110625 6
13959 17
101777 12
97560 1
110512 3
42835 17
100208 17
123551 15
98295 11
127800 17
121279 14
58123 8
115314 8
108762 15
57744 6
32407 14
103039 2
15634 13
103004 2
93001 11
73291 17
13340 17
123740 17
125209 11
86630 15
23430 2
72663 9
139975 8
46082 2
73014 3
126527 11
122546 6
126043 10
76341 1
34160 10
9503 7
5170 10
144521 17
49816 5
137922 17
56937 13
44430 15
144063 17
7283 16
93992 16
31991 7
145231 7
85556 17
11827 14
81602 17
97060 3
61815 13
141412 8
103294 5
113381 13
144114 17
38905 13
115914 4
39534 17
53872 11
82874 2
6788 2
41199 15
50538 8
34382 14
13253 2
24033 14
140178 11
40735 2
87129 17
76383 6
19561 8
11109 4
109139 11
107245 2
143551 17
21707 10
52252 9
87456 7
48001 13
94730 17
9741 16
143224 13
119159 15
17271 3
18797 12
123187 11
143471 6
39076 13
28600 2
33402 12
78784 17
70293 11
60523 3
105865 17
146134 16
108749 17
20275 6
41317 10
71727 16
143278 5
46233 5
49969 3
46481 7
115242 17
72909 17
135910 4
108140 4
38653 7
28258 5
38200 16
47740 11
50700 7
103297 15
123753 9
47702 17
89078 10
133304 12
82686 10
124465 2
136344 7
118910 17
56695 2
119037 6
96354 10
129484 6
42151 4
66444 17
10669 8
18929 2
93259 9
7533 17
117825 13
68745 16
39796 8
85757 10
36098 16
107274 15
75110 17
101289 9
101080 8
110545 8
56833 16
120985 5
143838 17
26562 11
133151 5
78449 3
84897 17
101666 9
122914 10
122120 8
51938 11
95403 14
67119 16
85526 7
146593 5
13790 3
72808 10
124988 3
41694 6
97255 17
106814 1
13432 1
35213 16
137748 1
82787 7
10389 2
77899 8
35349 12
53996 9
95510 12
52246 17
100995 13
134926 2
44558 13
137504 2
68969 4
23421 14
83711 6
129529 8
54948 8
123302 3
22173 8
64162 17
139284 6
13885 4
85843 17
41262 12
114289 1
43542 3
13185 12
60696 17
46131 12
72097 2
12355 3
126582 12
62060 1
16753 2
84723 17
17807 14
57053 15
29324 9
78203 4
16571 15
8313 7
30098 16
118971 16
61014 16
78221 16
107294 16
41650 3
96228 15
51919 16
100800 16
48170 14
42079 4
43139 12
123478 2
64728 4
57536 17
106321 17
139534 17
74418 15
94080 12
64625 2
24843 11
31906 17
33045 14
72050 9
5220 17
34876 11
109611 7
14825 3
88104 2
62336 8
45632 6
7933 10
5164 14
48928 12
61720 14
108583 7
76918 16
115875 17
58215 8
134274 11
3663 17
4457 14
112172 16
114185 1
9448 10
127462 2
46426 6
43328 7
73728 6
19637 12
24759 15
57486 13
68399 8
34689 14
3878 8
23324 1
105738 17
36011 17
138878 4
11919 8
121410 1
703 10
6774 15
133144 9
85875 4
85081 4
102176 5
119127 12
36817 17
115447 6
79767 9
15255 1
53312 15
56757 6
97727 12
10661 6
108540 4
77845 2
88460 6
121002 14
108026 9
51112 17
132334 6
78120 1
90941 15
140425 8
20123 15
59534 1
102874 4
75967 3
97497 11
68475 4
147246 4
56938 1
64684 17
134395 14
100589 9
10123 17
21003 8
74124 6
110441 17
89455 17
37343 8
86949 9
28104 7
98085 7
80509 15
120911 12
71600 7
12616 17
105923 6
1706 7
4436 15
132571 1
99312 7
130525 2
130549 8
81773 17
147748 8
15285 15
28386 11
69273 4
8913 5
82648 6
22041 17
123606 2
142817 5
94874 4
74914 17
66948 7
97660 15
143066 5
100689 8
28196 16
143873 17
38420 12
121352 15
72608 2
46280 13
63226 17
64211 3
28451 12
137297 1
107380 12
40690 14
17029 13
108448 1
115783 13
19152 2
731 15
55787 17
122365 6
63865 17
111842 9
40229 15
37967 8
64818 17
91179 17
31870 15
74786 12
91399 8
146322 4
35334 14
34220 3
147395 11
57955 14
10794 5
93496 14
3499 8
34590 9
4194 8
123264 12
18002 1
113821 4
110268 4
3688 8
118048 4
147793 12
87831 3
41388 12
77822 3
118011 16
124595 12
86859 7
106004 17
7402 3
32077 9
65292 13
128892 7
98402 14
48369 10
121923 17
54830 16
15702 7
66168 13
43373 8
51052 4
104799 1
89639 10
115877 16
134502 16
142978 3
40172 8
7036 12
122202 2
70794 13
7147 17
1851 16
139119 6
22565 2
7778 14
115887 1
142165 17
68800 5
43259 11
33487 17
12748 13
35555 4
104657 10
131775 2
28440 11
147416 7
4781 8
99627 12
128785 10
38092 10
145560 13
128281 1
1310 3
60143 15
102317 9
64521 14
73053 17
26047 10
42284 11
41074 9
48006 13
10782 1
134008 17
77272 13
31680 16
70486 2
15045 1
90652 6
7458 6
103455 15
113124 12
13576 17
91511 10
122680 7
68706 8
104189 14
135499 17
117708 8
104669 15
45791 3
18695 11
8935 5
83055 16
63961 5
81033 11
19164 17
102891 13
34543 13
84568 13
79433 12
17845 17
76912 5
82604 3
90168 4
36627 17
36912 13
7500 16
132111 11
96574 17
127765 14
119179 17
95036 9
36145 9
73694 16
96062 3
101368 6
41148 8
9309 10
116432 12
110725 5
59761 12
129497 17
31208 17
8616 11
121064 8
86121 13
28412 8
82451 17
42595 13
10051 5
76310 4
143624 9
61499 17
72080 12
46650 14
114790 7
15208 6
1673 15
69989 16
99100 4
59986 3
89425 3
59186 13
55996 11
30036 13
2997 1
127289 11
9866 8
17204 15
60433 17
18272 11
37299 5
80870 9
92434 4
46159 8
92554 8
24355 5
105927 3
27584 16
12793 13
12211 4
47819 17
16826 14
15069 1
72649 14
112218 8
48322 5
142693 17
44392 17
81790 1
107656 4
113862 10
26135 9
97211 10
16830 2
136279 16
139044 13
39913 6
90270 17
106450 12
4620 8
85294 4
46132 5
59487 15
100232 3
2324 17
7378 17
26697 1
125266 15
86505 15
122181 12
94950 5
90745 16
130430 14
16153 17
42044 10
38380 8
66617 6
19210 13
25364 3
57377 3
28123 6
34911 14
142349 17
23524 15
71752 12
16002 5
28716 7
17229 6
101951 4
83794 6
27170 7
83057 6
45221 17
81725 13
29774 16
73021 9
54406 1
6124 12
63556 7
77 12
115954 8
121078 9
122929 9
19746 10
85381 6
111636 16
4634 14
30688 10
64284 17
81235 4
132467 17
14396 2
91965 17
71669 17
44671 5
76543 10
142414 7
29524 17
50423 14
94147 13
84091 7
120520 6
14199 17
33143 14
84183 2
85975 9
88072 2
118803 10
96252 4
34278 3
110288 15
108702 12
93946 4
10235 5
75288 1
119218 1
61182 12
11012 10
35350 14
44984 4
127276 14
5621 17
106715 9
55266 6
140259 16
121607 7
5760 11
86675 15
62360 6
133738 13
142418 3
78193 13
117453 10
133614 17
39991 13
10821 15
145599 17
14260 11
111982 12
141840 17
106297 1
69333 13
127461 3
110777 6
118272 4
71461 14
26638 5
17225 17
87063 13
147269 12
126783 3
68010 16
115130 17
37795 17
25712 16
39790 17
39060 14
72019 4
33152 5
132268 15
92902 10
53541 1
118935 12
7966 9
143348 13
26727 15
91736 8
134166 11
53289 7
93534 7
3516 12
105499 2
106625 7
117219 2
127977 15
104894 1
60459 2
94372 12
119528 15
36998 3
10109 5
27308 14
6868 10
135378 10
45308 7
22524 10
112150 14
6281 12
88643 5
70063 14
81367 3
107069 4
12212 13
76013 15
24112 1
137949 14
19362 16
87823 15
105130 1
114445 10
139979 16
96256 14
62760 15
20333 2
3156 6
41112 17
107065 10
92385 5
126118 16
108605 5
69998 17
22568 11
13397 15
32956 13
129670 17
125075 11
102043 4
77425 10
147664 9
1853 2
101294 6
127842 11
80749 12
102189 9
96 2
123189 5
102436 17
113624 7
102444 5
113888 3
16843 17
95989 9
114928 6
52515 17
136537 17
112741 8
12958 9
34182 13
126910 5
136268 6
42180 8
54337 8
30151 12
60331 14
95835 14
5167 3
137759 17
51057 4
43068 16
97693 17
102984 17
131239 17
26867 4
96666 5
77963 17
30427 12
99885 1
141246 3
15504 9
62837 9
124341 13
77128 17
34193 17
38830 9
144012 15
49156 17
144357 3
3368 14
112808 7
112936 15
61866 10
80932 6
82731 8
36053 8
90880 1
135169 17
32791 11
123554 10
94566 12
131575 14
5057 13
93640 17
105258 12
91434 17
105523 16
73707 17
14953 13
110405 4
55386 17
65396 17
30023 7
85962 5
142738 12
133586 1
101204 14
116376 11
101242 10
140029 15
87916 10
133511 4
73897 15
135622 6
91226 10
93277 17
99577 4
79810 7
81549 13
65690 13
60773 17
74228 17
20483 5
2899 11
57022 17
129167 1
70998 11
147700 5
84960 14
30853 17
11518 17
134412 17
88669 17
13836 4
119162 10
138238 7
42963 5
34593 17
126784 15
95795 15
54391 8
12472 17
57432 17
33343 13
89340 15
144006 5
93564 5
58746 3
59279 8
100793 4
112862 3
76602 17
8331 17
145250 10
58931 14
84422 9
134573 2
77419 9
112080 2
140924 12
60104 15
18416 11
41655 15
1473 16
53803 17
138373 9
86715 8
119593 15
82446 4
86408 3
127260 11
17286 13
85340 17
38284 9
105560 11
99898 3
96321 2
58738 10
135421 17
113745 14
56604 3
62230 17
122916 15
75502 7
125568 6
77071 17
105207 7
137191 8
8921 3
52004 9
18905 9
19763 5
15200 10
97111 9
135849 17
49596 7
92005 5
50095 13
62254 9
61781 6
122568 1
133823 6
27282 13
136739 17
83288 12
76039 11
92016 10
69817 9
3552 16
8346 17
33454 9
87840 4
136087 12
57797 6
39626 12
87105 13
79042 9
4717 3
46258 17
125479 15
8858 2
131464 17
67742 17
97864 17
139590 11
86178 3
54650 12
38738 12
358 16
113033 6
9022 11
12597 14
85138 5
80327 2
1089 2
4704 15
76714 1
128017 9
101115 8
8043 11
96838 5
128565 4
111406 1
92839 17
74651 7
285 17
65883 6
143501 3
42349 16
31926 13
104595 15
122786 7
88095 6
8672 15
128929 17
131629 14
141829 4
113753 10
95587 3
23456 10
104885 16
137858 9
29001 17
112468 17
22122 11
104184 6
34324 10
11940 1
143605 4
110891 13
92741 16
127430 6
135746 15
39195 17
91539 5
116418 15
1876 13
129492 12
70893 7
35113 3
107400 4
11153 15
58646 11
78516 16
56965 11
15658 3
120797 3
19010 3
55181 9
111951 17
54347 6
112889 6
116373 9
82853 5
101643 8
56675 1
74146 7
134300 4
37526 9
78133 6
103733 15
60025 6
79853 12
37409 1
57035 15
56227 10
65958 6
68572 6
13420 10
121510 13
76660 6
115526 17
13356 16
43382 11
346 5
45700 12
37643 2
142620 5
114533 11
26373 12
62551 3
11409 8
52733 15
95106 1
62603 10
16965 6
146733 17
56489 12
39968 3
97342 3
102165 17
52120 15
14332 3
74661 5
109615 11
2719 11
5071 15
10920 8
63259 13
51227 4
62343 2
55442 2
10865 13
128684 2
81252 3
58588 2
136798 11
118212 1
54378 3
59672 14
99256 11
40271 11
140169 12
23882 12
35072 17
42160 8
41345 1
99159 2
9810 15
110480 7
100872 17
28120 3
71167 12
13766 5
113497 15
127148 6
11294 10
135753 5
6059 2
68313 13
27817 8
60198 6
46601 14
82839 13
110175 4
89480 17
30896 4
114766 16
88177 7
12790 6
34076 17
5904 9
72534 13
34485 14
32284 17
4329 8
49977 5
121879 13
51732 15
144556 6
108186 16
3782 17
37709 3
138224 12
57944 16
120515 14
77160 13
144524 5
29569 16
120128 4
107120 6
27215 1
80716 4
73365 13
141556 7
17705 7
128817 1
126139 17
100153 17
103497 4
9965 6
32872 7
113682 17
22850 10
52707 1
119720 8
18333 6
26235 17
122883 4
103881 7
117429 14
63340 1
80286 7
14983 13
80104 17
97324 6
12226 7
4129 5
28707 17
34644 8
104676 16
83588 12
33175 3
84063 17
126841 12
63663 13
32252 2
128091 3
132644 13
4824 6
30640 8
1029 16
39021 16
24607 2
129890 4
64559 1
50838 5
38408 8
87769 1
94710 5
52615 2
129597 9
129751 13
15992 5
52939 14
42623 13
139690 17
32365 7
136358 9
94306 8
119767 5
81063 9
139645 13
80518 8
140811 17
79459 13
76530 13
42586 17
144710 3
11064 4
98305 17
145650 2
144528 8
84294 8
41524 11
116928 17
126018 6
47506 2
47387 13
13236 5
5787 16
117844 17
60742 16
86080 15
60551 6
101339 3
113193 17
127504 1
15263 11
64858 17
43096 15
69374 17
12794 12
21270 8
13448 15
87917 12
17067 7
8836 16
63931 14
113711 9
122813 9
79789 10
146104 11
29176 15
51940 11
72092 10
66420 4
5250 13
72388 16
57282 11
50661 13
137162 6
66234 11
7060 15
102508 14
143868 10
134487 15
120550 14
829 13
139188 1
2860 11
38361 9
85151 13
72547 17
33552 15
144749 8
1587 4
77843 17
19892 4
94027 15
91201 16
59052 5
105327 7
85658 15
132394 16
129098 3
57941 4
120613 10
140364 5
45016 9
7231 4
37994 15
126414 17
13616 7
144400 13
89994 4
89875 11
100351 17
16656 10
123795 13
141372 5
39377 5
126214 16
60475 2
120037 7
40294 8
21089 2
143269 11
87732 3
144342 15
95028 3
65764 17
136801 3
34712 14
112926 7
63548 2
145773 14
46718 14
146010 5
105732 2
77219 10
64626 17
123403 17
3762 15
16116 2
136754 17
16059 17
12661 16
120568 17
3328 9
95414 3
143107 5
18601 15
70056 17
94105 6
64442 12
68404 5
68972 1
90846 17
78284 17
95136 16
25238 16
88994 3
7145 5
24776 3
22957 17
44553 7
99974 17
104464 1
22235 6
15972 8
140033 11
96482 13
96114 9
55709 17
61571 16
102536 12
110525 9
91243 5
18030 17
52567 14
20822 3
38314 16
55416 9
132435 10
113370 12
134135 12
27418 10
67791 17
6620 7
112384 14
79025 3
44087 17
41611 4
80634 11
46620 8
1718 12
6593 3
39744 17
120468 17
70783 17
18130 6
22529 16
75230 17
38731 17
114341 14
6605 17
100263 5
83313 10
96854 9
38392 11
72561 2
88186 13
114596 4
61595 14
6009 15
123557 8
112765 3
57661 9
12896 17
65141 1
70111 3
119320 16
61777 17
41198 17
70792 2
18347 17
109303 10
105149 16
99430 17
140386 6
131299 17
25147 10
15543 2
121959 11
37922 12
44858 7
295 17
101720 17
43872 2
56136 17
147766 15
968 6
24023 14
36423 15
68378 17
16030 12
5841 3
65165 1
29223 2
3187 7
86515 16
43451 4
125379 16
91237 1
66331 7
43819 3
108552 17
20797 1
140505 10
125932 9
40406 14
138036 9
52260 1
7485 13
15724 3
90830 3
13054 11
109179 6
7999 1
31043 9
125242 13
133113 6
23284 15
134674 17
52451 1
77404 13
92633 2
76624 16
51786 3
53037 16
127125 3
117441 17
81214 7
98302 5
51294 13
12460 12
147160 5
63394 12
67747 2
103354 16
76783 17
76023 4
4583 14
57170 8
21664 3
122815 9
49619 15
67059 5
80597 17
61000 17
141550 5
89783 17
76362 17
72478 4
39096 11
71347 2
18158 17
8917 6
23897 10
80489 4
146034 12
101723 11
16686 17
123066 17
17913 4
6424 2
61583 6
104658 15
104239 16
69627 17
22281 8
118101 3
26224 4
104744 2
13913 7
59336 6
141461 4
143751 5
14574 17
35609 5
127393 13
1921 17
93083 15
137386 15
145385 9
75470 2
119885 17
98212 17
119436 4
96007 14
93580 17
89946 6
11992 2
44854 17
138921 6
103529 7
84453 11
74270 11
120292 17
108137 10
28015 5
5536 16
121808 11
77390 17
18250 1
30439 9
120178 2
115320 6
35937 12
104715 3
55827 4
104267 2
65320 5
30226 10
115774 14
94295 10
47995 17
47566 15
84141 10
28810 17
78970 17
118806 6
49946 8
93574 12
63159 11
8445 6
144641 1
15726 12
142878 17
23177 17
100631 12
138471 8
105420 3
64710 4
9605 10
17122 3
98926 14
26472 17
142335 16
12085 12
11981 17
17943 10
75610 15
133646 1
121370 17
87241 13
93745 5
125429 4
132897 7
75093 17
115777 15
118912 10
36020 17
10210 17
93906 5
36700 5
9057 17
1945 2
122356 17
92988 14
126247 4
46197 17
146443 3
44141 10
111240 17
68522 5
96602 15
44206 3
111283 17
76949 3
70248 2
48906 4
3738 1
11628 17
104985 1
53776 9
23368 16
79354 16
96072 5
72986 3
21694 5
85565 15
71659 11
93784 13
13462 8
71030 8
37112 15
55485 13
124497 2
51154 15
36882 7
74310 7
93293 7
27312 3
145591 5
99212 3
8625 14
114165 17
9378 10
77803 4
60933 1
142724 17
144333 15
32385 2
71905 2
130984 16
108311 6
2679 15
130470 17
98423 5
25972 5
87999 15
43835 11
108268 17
45377 1
82760 9
114763 4
121928 3
61561 5
143514 14
70274 7
129982 11
92538 15
138926 17
69943 16
40863 7
7773 9
106891 17
60860 10
27291 12
64790 17
118977 13
57817 3
55090 1
39479 12
132978 14
134789 15
87497 7
128007 5
91639 8
59427 17
134725 10
118616 7
9398 15
11477 13
139909 9
44606 3
24325 1
75510 4
4374 5
13461 1
138637 13
131162 10
38944 5
75864 17
98683 13
72605 8
88417 9
1777 8
16964 15
140962 17
43651 17
43545 15
134363 1
87405 13
127429 16
125923 2
56178 17
128019 7
106471 15
114736 5
34649 4
96753 17
27365 6
61474 10
124667 9
133958 17
146064 8
123457 14
10764 5
35268 11
60801 9
9281 7
44888 14
55079 16
36872 2
77676 16
47302 14
56370 13
46916 6
39171 12
15853 14
21453 2
39562 15
20402 4
75697 2
18025 14
138470 4
60810 3
7710 9
46455 1
108300 3
77190 3
123024 16
99041 5
46691 6
26292 10
117856 7
2974 13
94548 15
132163 7
98643 15
21343 14
23542 1
24251 11
87535 2
70013 3
29479 2
66693 3
91403 13
46218 12
4721 10
104049 5
65400 3
137580 17
89252 13
61297 16
34275 14
132277 17
130553 4
53592 11
3695 5
92640 14
73466 9
142460 10
114521 14
28606 2
147407 2
19968 17
91802 3
74741 2
34369 17
23942 12
134231 10
68431 5
131562 17
79556 8
110379 9
84230 17
33904 4
21962 6
50971 2
111740 3
132779 7
50226 13
47631 8
4178 4
125876 7
99758 17
65392 16
15300 4
89527 14
6274 8
117599 15
37781 16
87091 3
27212 7
44791 17
59236 5
123012 14
44050 17
97681 15
144536 14
62387 10
99865 12
70760 13
77938 12
42716 3
119735 17
140671 3
142265 6
119956 17
17306 9
95316 16
9116 17
40421 2
1583 5
43315 5
70491 5
67138 11
85488 17
1700 14
85512 4
53966 4
71989 11
97303 8
19115 7
77545 12
92093 6
9067 10
133375 12
27704 10
145871 12
126798 13
11746 11
12239 11
90633 10
59389 8
48691 17
60257 2
87048 11
1707 7
67413 2
2318 14
62197 4
5002 16
3236 4
71705 16
140145 14
132785 9
4071 17
13683 6
18708 7
122666 2
59300 1
41019 17
55734 1
78406 2
266 17
65587 3
42409 8
42509 17
25161 4
81933 15
762 12
91437 8
41071 17
147606 10
95118 15
139831 1
111536 15
131480 7
23504 17
98699 9
133238 5
51071 12
145480 12
129291 17
55166 17
123937 8
98596 8
18635 17
68907 3
99414 16
37583 17
81968 10
147086 10
135349 17
144412 8
131870 5
25060 16
74390 2
95230 16
71919 5
116947 16
78023 12
38850 17
22982 13
85282 15
107103 13
111666 4
14153 1
105376 13
84048 15
130751 8
143837 5
127906 3
72131 17
65608 8
58115 14
130568 11
13303 2
24302 16
107144 15
7916 7
99582 17
79494 2
88132 15
5152 7
93325 6
5340 7
96910 7
146903 5
116715 7
136861 10
126127 17
122574 4
85755 13
12136 8
96982 11
47570 17
37351 13
113905 2
880 9
80252 7
11777 2
139641 8
22154 11
144424 17
39432 14
143876 15
105111 5
58995 11
53971 11
55175 9
115156 5
87923 2
33038 7
37384 14
32179 14
55229 17
34269 3
44857 16
97261 14
131133 10
7439 9
114182 2
34006 17
5298 2
78484 4
141927 8
53115 7
90626 12
127657 17
43516 1
114818 8
8987 7
120999 3
145415 17
10747 17
143322 10
125986 1
78104 13
118999 2
129085 17
21085 15
89833 17
234 14
46950 2
84368 12
79879 1
55294 2
122990 6
38821 5
23705 11
112429 13
21520 8
62870 16
25864 15
91886 8
7537 7
64917 6
44482 17
142332 3
72312 3
42092 12
122762 17
34801 16
19585 5
57415 17
144356 8
65296 15
22647 11
79702 8
24574 15
26825 15
137607 13
81832 17
18577 16
96076 16
115110 17
128756 17
6514 3
28565 13
6283 14
65785 17
8306 11
28854 17
19168 9
910 10
58927 9
131680 3
46022 9
88990 3
91315 17
37929 12
43225 14
35275 17
73379 4
8593 11
5666 3
139383 3
87329 13
92584 10
3386 17
144716 8
146124 11
106357 3
141404 14
127366 3
134816 3
36504 17
125228 16
8415 17
93930 9
86921 1
133515 4
121230 17
63561 16
5660 17
135168 17
5961 16
27846 17
103882 14
12190 17
26554 17
116141 5
31799 1
55944 15
45397 4
133944 9
80027 1
40778 11
52220 9
100226 4
131387 8
84087 17
109782 1
106829 8
36320 10
90271 8
46059 13
44844 17
81268 6
108997 4
913 16
89488 10
83419 8
62952 12
143647 13
85662 2
13166 16
73024 17
134776 17
144529 13
93442 14
5634 17
120313 11
3904 12
6429 9
87110 14
21419 8
137491 5
941 16
52489 17
127932 9
71082 11
4982 16
90091 11
70635 17
96098 6
101619 9
146939 4
91641 2
18724 1
43528 15
3110 8
23646 7
106548 15
116294 17
66175 8
52762 17
72866 13
47918 6
122162 8
114061 5
147585 10
71699 13
129541 3
103359 17
69060 1
89676 17
63417 8
69106 9
31035 6
45793 8
28920 4
31473 11
17329 15
10230 3
40978 13
33960 17
41579 17
41155 2
71676 14
30042 5
35761 11
124126 11
3830 17
128790 15
14439 5
37667 6
118932 3
84502 15
22650 9
22831 13
135312 15
66064 3
24779 16
127495 13
139633 4
91688 15
43137 17
100001 15
57922 14
129053 13
140882 17
72727 7
94643 10
30768 17
79676 8
24428 14
90000 7
31119 15
107596 2
76899 2
123377 11
100261 10
140632 4
82735 1
26192 13
85968 14
98752 9
24179 12
73157 17
125033 8
124810 4
80732 17
24597 3
5880 15
38793 13
65238 8
146758 17
88793 6
103822 15
106169 16
43250 6
28505 13
57089 4
89069 2
40243 17
40615 16
29081 14
48799 4
22356 14
112456 5
132029 11
106551 17
51157 12
59431 11
124163 4
8496 3
974 11
27637 1
147144 4
42644 6
138458 11
105351 11
73805 12
103442 7
51458 10
52013 15
18343 17
48627 9
94228 15
136198 5
1251 4
5476 17
24030 9
11341 1
104475 5
112207 16
103037 4
89165 4
83581 17
133149 10
145173 10
144215 17
46017 2
11065 4
92925 2
67437 2
146341 9
64418 12
66415 15
68201 1
30672 17
100747 7
61548 14
115998 5
8659 15
95671 17
54336 17
94187 17
53471 6
131811 12
16087 17
53359 16
138206 10
133839 3
98677 16
17711 17
46009 1
120369 4
108765 5
90154 2
28321 5
146754 15
105277 17
50074 9
121060 10
124425 6
110313 4
103058 6
132122 3
104512 8
57217 9
12838 2
14638 10
74488 6
88087 11
96902 9
39887 8
103735 11
104866 12
19282 5
13667 16
1615 3
68467 4
81713 12
98551 17
125920 5
113018 9
50508 3
21742 12
51921 17
134962 8
126084 7
104692 11
72578 8
108810 17
111905 2
16 12
58917 7
56787 7
115094 14
38806 11
23628 17
42730 12
40955 11
42388 16
139038 17
139648 15
35440 13
43677 2
120832 11
127894 15
78330 9
111347 3
53277 14
139682 14
72359 15
34126 12
113314 7
95181 17
69671 17
57066 12
100462 4
143668 7
46117 8
104757 7
12473 9
100993 8
51864 14
76393 17
139273 5
1144 5
52502 12
106489 17
125849 4
6647 12
126682 11
36126 12
41466 5
30809 11
122132 2
113617 17
137974 3
32070 3
71233 10
88737 5
83447 1
10291 7
127515 10
128786 6
94093 4
40123 17
78324 5
12050 9
86482 6
119934 17
25559 9
4649 13
108821 14
144511 15
124951 10
8191 6
79218 3
53381 6
28970 10
13601 13
812 3
90313 5
131831 3
88032 11
63306 4
41350 1
111815 14
86341 13
123283 10
139109 13
97231 14
77757 5
139208 17
40913 17
22473 13
62033 15
141529 10
34469 15
22893 16
12163 9
31522 9
90982 2
94031 17
22156 4
22581 3
43781 7
79722 3
14146 5
63843 3
138493 16
132592 3
8620 12
126134 8
37559 16
85567 6
129821 14
38126 13
65049 4
146106 5
206 12
95896 16
68845 17
94172 11
40533 16
28786 11
103934 7
83590 8
51531 11
30903 12
60428 2
129512 3
68940 4
15423 14
42136 14
114668 2
494 13
2568 14
41114 15
121412 4
121420 14
124299 12
104989 9
130197 6
75730 1
142150 9
70502 15
28018 17
92687 9
146343 10
16029 14
142828 9
120211 2
14226 2
53150 15
100448 9
93804 3
129930 10
131488 16
23906 9
56998 14
123214 14
122393 12
73506 6
78243 8
87455 17
29464 7
147014 9
95866 4
139332 2
127818 7
20836 8
96246 1
43538 7
112388 17
96700 4
34007 6
89982 11
64840 5
60454 14
63408 16
53953 2
88402 11
113786 1
132845 15
87038 1
53839 3
18086 6
128293 4
70788 7
7735 9
126672 9
42140 5
78645 14
121103 2
86964 15
93185 12
11257 10
104466 15
14086 11
134479 7
53105 9
42954 17
102615 15
82117 17
25770 3
102598 8
135720 8
54644 12
138165 17
38450 3
43094 4
41279 17
47138 8
42934 17
91681 7
144660 9
27517 7
17249 15
116117 7
147729 17
64187 3
70231 3
124659 16
31242 17
136386 6
15717 15
19706 16
50906 11
101834 1
21810 9
121852 9
38859 17
80446 15
2747 13
9439 12
144655 2
14762 2
61072 7
133159 16
43598 6
9068 12
38948 2
42530 14
41612 9
1650 12
36899 12
102085 14
19674 9
85788 14
19083 2
57166 8
115720 11
85029 7
45703 14
91121 5
140032 17
65347 14
67446 8
120004 7
83632 11
70152 15
77500 11
22984 14
126212 12
19186 1
59637 14
14306 5
118199 7
111576 9
144811 7
109557 11
60539 8
129323 1
37565 8
119945 9
31236 1
742 2
44129 6
125421 16
68663 12
35308 17
88484 17
19310 12
125770 6
61558 9
11626 11
30775 14
2904 17
83460 8
98945 15
21135 9
61162 4
142476 6
119540 6
73088 6
89064 12
114353 17
79813 1
82368 5
91838 9
114031 15
54038 8
89887 13
17977 13
129626 13
71001 8
100460 17
125319 1
73270 13
37438 4
89555 3
144413 2
67373 2
60034 14
14358 14
141644 9
34423 8
33779 17
2312 7
147975 3
102569 11
129937 10
126668 13
70266 17
112348 17
122336 16
83560 11
53033 16
58234 3
66020 12
107429 5
46377 16
83383 11
70399 10
48476 1
139022 2
45111 11
5793 5
143140 4
3803 9
51197 12
140684 5
136750 6
114885 3
1568 6
78370 8
59462 7
131969 17
138984 8
113685 13
48305 11
90501 6
138304 11
116741 16
1735 16
27731 17
7940 5
56183 17
70778 9
123432 17
10942 3
37297 3
47077 17
107126 17
130401 7
23800 11
45710 3
136690 14
44028 6
58068 11
53275 16
106438 3
111970 10
109681 5
83273 1
73080 14
134089 7
60881 12
82151 9
120169 8
87251 13
17905 10
31406 6
83268 5
69447 17
54533 11
131765 2
117171 14
70085 6
110000 5
144654 6
92593 2
105850 13
68348 3
87678 5
99152 5
88128 12
120158 3
44510 17
19604 2
12572 14
53721 12
133742 9
50408 17
96541 14
110071 1
142627 2
129405 17
133693 16
68198 12
125299 17
55874 5
42995 6
7134 16
102926 1
85966 3
48936 1
108554 17
82520 14
129959 13
2202 7
8413 12
97114 10
17038 17
129462 14
12173 4
63534 10
61399 15
83741 17
115767 10
58532 12
138538 17
128054 9
135714 1
109069 6
29068 13
27540 17
138485 1
111089 5
121313 9
63766 4
46041 6
61950 14
64366 11
101835 8
4830 7
137480 17
136925 17
1903 1
22226 15
64035 13
64294 14
123548 4
31318 13
9233 17
97301 14
95104 17
145028 7
102051 16
112125 17
20074 10
11908 14
16131 5
37430 8
139952 6
115080 16
33072 16
47286 8
100495 17
33891 17
25165 1
63470 7
17973 17
100013 13
141663 7
43424 4
1337 17
17514 7
27614 17
19069 10
17241 10
35194 14
48252 6
138361 17
99471 1
9181 14
20523 17
99420 14
87711 2
83942 17
117888 13
110830 6
85541 13
144001 13
15903 7
38615 2
74985 7
3208 3
11449 13
119425 6
81704 17
67921 7
131436 3
2101 6
8284 2
41357 8
5642 16
112759 17
76552 16
129202 11
143153 8
123142 17
24711 10
40911 7
118376 10
66897 15
82321 17
30621 11
14331 8
50252 1
9016 10
24207 13
11116 5
24720 17
30998 10
136122 12
146993 9
90686 7
140963 16
8753 3
84682 17
121427 10
74153 1
97813 11
129554 16
81774 9
56696 11
100264 16
11889 10
143788 3
19521 15
50060 12
120993 8
56791 9
110522 11
49276 16
7716 8
103094 12
54072 5
128364 14
84990 13
141661 8
101823 17
109693 17
113359 9
132165 7
6119 9
68029 4
15158 3
50223 13
115550 4
30295 12
117944 17
100030 9
24117 5
124615 13
29915 16
85064 15
47002 7
50773 14
81959 11
97965 12
73679 7
57706 12
145632 15
63985 8
116524 3
5443 6
134692 17
87680 15
103003 17
47675 14
94740 6
55735 3
139767 12
138053 11
17270 12
39341 5
16152 8
62253 4
52741 2
139295 6
323 12
71855 17
116675 5
13795 17
133362 8
18346 5
111450 17
123327 2
89865 13
45968 15
124783 13
13770 14
92157 5
56894 4
54115 9
29370 3
44357 5
14571 13
9966 17
41488 2
20230 11
44961 17
35999 13
37663 5
45785 11
73242 16
105298 17
30828 9
33068 16
90478 12
15612 12
68 13
47082 6
97926 15
40117 17
7386 5
91220 9
57348 14
88813 17
48697 10
48317 3
143168 2
116264 2
110493 17
14776 8
46010 5
129285 4
12454 7
108522 16
120969 10
60728 16
82499 17
145120 6
126642 12
39395 5
111040 2
83694 17
22578 11
87153 15
137375 17
134937 17
32412 7
77120 16
49521 2
80119 16
147223 17
127032 15
85650 14
67782 1
57113 7
4567 16
10026 5
140077 1
99823 3
89782 17
27559 1
71508 7
98611 6
88819 10
93737 17
56522 6
126441 14
8740 15
40497 17
103843 14
31519 17
80405 9
41729 15
86713 11
60135 7
88284 11
74541 6
8820 2
34823 11
30825 17
126704 17
115836 15
71589 10
28001 17
72775 3
1818 17
71355 14
68236 17
86716 5
146436 6
39461 17
139145 17
26891 7
91390 6
1339 3
130721 6
92103 17
133432 9
96818 4
138871 17
27138 17
33769 16
68591 6
71367 4
109719 7
84358 17
111607 15
48193 7
93433 11
23367 4
13342 13
122928 16
7282 5
79231 5
63882 6
117668 17
64540 15
15413 3
114852 10
3723 6
9558 16
7779 12
125032 7
42659 14
143577 5
89765 17
96213 5
65137 11
78792 8
48141 11
133838 6
64863 10
114428 1
142708 10
38260 3
111997 7
146708 8
55192 11
57839 16
47712 2
50228 10
124286 10
14102 8
31219 1
92127 10
128291 10
2120 14
55605 9
40963 10
22012 15
102415 13
12567 17
62030 10
20057 1
112295 11
39638 4
96003 7
41283 16
50495 4
94609 6
51213 9
37460 16
13228 4
94028 17
124215 16
89650 14
83716 5
145116 9
108415 1
89124 3
29561 4
54635 10
49595 17
67095 1
81989 11
41678 3
107731 1
123073 10
136104 13
122515 13
124315 10
115856 3
60620 11
11302 8
5338 7
30 3
120482 7
27497 13
35033 1
43246 1
99590 16
108281 6
105216 6
63493 3
147989 1
34249 9
147180 11
125343 17
53843 1
22394 5
6705 14
139434 17
120880 2
96485 17
71411 17
117865 17
130113 12
60465 17
84643 5
17200 10
107313 14
88579 6
61239 9
33447 5
98890 15
58824 16
82277 6
44824 17
37373 4
39209 13
108381 16
35008 1
76618 13
847 17
48123 12
126501 16
9844 17
120789 8
80714 14
29912 6
39070 4
85144 17
118952 2
60344 10
93178 15
105721 13
106937 14
26803 7
26892 1
113642 12
145692 8
35166 1
62219 14
8553 13
106812 6
27921 4
13706 6
101296 10
55832 5
21797 17
94380 9
127805 14
14942 11
124891 17
142870 1
111458 10
52523 12
8118 17
6381 15
118196 11
16776 5
11657 9
67882 9
25136 15
36520 3
5569 5
95916 6
90646 7
29929 6
25975 9
62158 2
76160 4
75809 6
86228 17
94086 9
123596 5
19927 1
49190 10
25562 11
34285 5
33462 1
83623 7
140347 9
73434 10
48954 6
89733 6
21623 4
101622 17
19416 13
122708 6
25791 17
67363 4
125008 9
113663 11
121853 1
63081 2
82955 3
67354 12
95223 17
539 8
125456 6
84254 15
45303 9
90333 5
87419 3
63469 4
9485 16
34779 13
94281 1
142748 6
17688 6
136793 12
86397 17
53828 17
25511 12
42380 1
96077 2
99741 15
26466 17
14336 8
19356 6
125703 2
21150 17
14325 9
145519 9
71587 17
40655 1
27223 4
15295 10
29433 10
120331 1
83930 12
48974 13
119090 1
95761 14
20684 14
96861 11
78254 14
79807 12
136694 15
84531 14
69670 15
117522 17
135204 9
13890 2
26792 11
36813 1
89437 12
50556 3
93074 7
31328 10
97052 6
47119 9
133309 17
6322 17
70841 2
113998 7
59499 17
87643 1
77680 17
25019 2
21283 5
97044 15
12180 10
119381 12
64033 4
